0.00000000099999999996 0.00000000099999999996 0.00000000099999999996 0.99999999700000008485 
0.99999999699999997382 0.00000000099999999991 0.00000000099999999991 0.00000000099999999991 
0.00000000099999999999 0.00000000099999999999 0.00000000099999999999 0.99999999700000008485 
0.00000000099999999998 0.00000000099999999998 0.00000000099999999998 0.99999999699999997382 
0.00000000099999999997 0.00000000099999999997 0.00000000099999999997 0.99999999700000008485 
0.11436622970418190703 0.32734805402811950614 0.15533727841529251790 0.40294843785240597178 
0.00000000099999999998 0.99999999700000008485 0.00000000099999999998 0.00000000099999999998 
0.11185909773217403429 0.31653382864788487394 0.15983698034549401190 0.41177009327444691333 
0.00000000099999999997 0.99999999700000008485 0.00000000099999999997 0.00000000099999999997 
0.02981029999700074429 0.59576103684417913708 0.12076211943820162886 0.25366654372061842038 
0.00000000100000000000 0.12139300045973827613 0.08509052517461823673 0.79351647336564345991 
0.00000000099999999996 0.00000000099999999996 0.00000000099999999996 0.99999999700000008485 
0.00000000099999999997 0.99999999700000008485 0.00000000099999999997 0.00000000099999999997 
0.00000000099999999998 0.99999999700000008485 0.00000000099999999998 0.00000000099999999998 
0.00000000099999999997 0.99999999700000008485 0.00000000099999999997 0.00000000099999999997 
0.00000000099999999998 0.99999999700000008485 0.00000000099999999998 0.00000000099999999998 
0.00000000099999999997 0.99999999700000008485 0.00000000099999999997 0.00000000099999999997 
0.00000000099999999996 0.99999999699999997382 0.00000000099999999996 0.00000000099999999996 
0.03639220873742212564 0.21095919931277368198 0.10747883675281434679 0.64516975519698993580 
0.00980667403382507602 0.66234516463999704161 0.10617954691052951255 0.22166861441564844615 
0.08833874433405111692 0.28551810162428348239 0.11354417713928360856 0.51259897690238176438 
0.09056278456677666067 0.26533030117896994060 0.11945275643913598473 0.52465415781511748339 
0.11145774253312973334 0.28389408083769879232 0.15317694214436491928 0.45147123448480652730 
0.10359915186544368937 0.30147668110746494996 0.14086871433190356617 0.45405545269518793328 
0.07159946376908442323 0.08283822778595313630 0.09454937177168949713 0.75101293667327295722 
0.10559906524594087074 0.30450072274090611568 0.15089537287754198336 0.43900483913561105798 
0.10899600222440349040 0.32128093311429428702 0.15022847372536635158 0.41949459093593594039 
0.09175766926588806160 0.33270888673716281225 0.14978703830139949993 0.42574640569554966785 
0.05028352429459807121 0.32834946156597855094 0.13623166156970648033 0.48513535256971684895 
0.00000000099999999998 0.00000000099999999998 0.00000000099999999998 0.99999999699999997382 
0.00000000099999999999 0.99999999699999997382 0.00000000099999999999 0.00000000099999999999 
0.00000031043339802655 0.90245713089234491644 0.09754255531843909754 0.00000000335581795927 
0.00000000100000000000 0.00000000100000000000 0.00000000100000000000 0.99999999699999997382 
0.11723419143571141288 0.32334778193219076980 0.15454338859866018074 0.40487463803343770596 
0.09012497816565094577 0.08359889385840210685 0.10641118316954083223 0.71986494480640617066 
0.30926830622108936186 0.08829650888177578705 0.27825802254180770356 0.32417716235532711977 
0.06194055815288655731 0.02550282234646798069 0.08341743423267239388 0.82913918526797303343 
0.06634573111005549750 0.05853085999843531118 0.06715569615565425421 0.80796771273585488160 
0.00000000099999999998 0.00000000099999999998 0.00000000099999999998 0.99999999699999997382 
0.29167519993574098081 0.11138456296183668615 0.16497655133797917149 0.43196368576444321707 
0.05052728045136851281 0.33539935271767168379 0.14182571234602550647 0.47224765448493433162 
0.05842849062591200238 0.10262833380631346258 0.10032159002115458024 0.73862158554662005194 
0.45314857830617172318 0.05633747800964749447 0.15397999286791988482 0.33653395081626080731 
0.00341812256929898989 0.77474250459499827137 0.13772835959370960390 0.08411101324199314611 
0.29858508722477317132 0.09502621556988391505 0.17635925785653316922 0.43002943934880971666 
0.06463341332426547625 0.38053965999512873175 0.37065438290948166111 0.18417254377112413088 
0.02580698136375560864 0.75086346891085042898 0.09311944055239879114 0.13021010917299510878 
0.00000000099999999999 0.00000000099999999999 0.00000000099999999999 0.99999999700000008485 
0.00000000099999999999 0.00000000099999999999 0.00000000099999999999 0.99999999700000008485 
0.00000000099999999996 0.99999999700000008485 0.00000000099999999996 0.00000000099999999996 
0.99999999700000008485 0.00000000099999999995 0.00000000099999999995 0.00000000099999999995 
0.00000000100000000000 0.76290335747121074128 0.11133074583566185400 0.12576589569312751626 
0.07731539144334152736 0.04455138694687071216 0.09046427056453615334 0.78766895104525158633 
0.02294175201021790914 0.63011641474410540198 0.13034098010215836028 0.21660085314351834596 
0.00219076942244918497 0.77059682196279499777 0.12634610253555819681 0.10086630607919766511 
0.00000000099999999998 0.99999999699999997382 0.00000000099999999998 0.00000000099999999998 
0.01106664577930008275 0.67120562994859023220 0.12581804574165905697 0.19190967853045062808 
0.06881548645398385955 0.12603544436513533511 0.08112065180486890958 0.72402841737601186800 
0.01239817110641093338 0.61496763239193030781 0.12633844566036878110 0.24629575084129004536 
0.00000000099999999995 0.00000000099999999995 0.99999999699999986280 0.00000000099999999995 
0.08224538208601614442 0.23534328914189672766 0.11967705600871904326 0.56273427276336807079 
0.09509864277193054438 0.56542685631394418166 0.17101923478425240521 0.16845526612987279935 
0.00003238479256468593 0.76447670874841922029 0.13640039413849638916 0.09909051232051960256 
0.03618625254595391610 0.59549165380091173549 0.12550211225278298799 0.24281998140035121470 
0.00000000099999999996 0.00000000099999999996 0.99999999699999997382 0.00000000099999999996 
0.09753734469178136635 0.26393986687364573429 0.14747653301353283450 0.49104625542104002323 
0.42770809321036673545 0.06482275365884403173 0.16717636959045265033 0.34029278354033670739 
0.00000000099999999998 0.99999999700000008485 0.00000000099999999998 0.00000000099999999998 
0.01823357152113665863 0.68656315043523852282 0.12621440115155804773 0.16898887689206676388 
0.28896281875122270533 0.08229780813642487147 0.16901615672602202101 0.45972321638633040219 
0.00000000099999999999 0.99999999700000008485 0.00000000099999999999 0.00000000099999999999 
0.06568302014300898828 0.08710225182907820052 0.07268453964256359201 0.77453018838534926083 
0.00000000099999999998 0.99999999699999997382 0.00000000099999999998 0.00000000099999999998 
0.00000000100000000000 0.86482478346328905960 0.13517521453671085818 0.00000000100000000000 
0.00000000099999999995 0.00000000099999999995 0.99999999699999997382 0.00000000099999999995 
0.00000000100000000000 0.81101159381049603425 0.18898831253921163920 0.00000009265029237332 
0.00000000099999999993 0.00000000099999999993 0.99999999699999986280 0.00000000099999999993 
0.00000000099999999991 0.00000000099999999991 0.99999999699999986280 0.00000000099999999991 
0.00000000100000000000 0.81324968000207087382 0.18434493054409059609 0.00240538845383854059 
0.18415425330103349366 0.15529294488547765174 0.40228538598513274849 0.25826741582835605060 
0.00000000099999999997 0.99999999699999997382 0.00000000099999999997 0.00000000099999999997 
0.29476468963800295242 0.09525933614558011742 0.26956258073109473639 0.34041339348532217990 
0.06369531396437495829 0.03700925395572486620 0.08984250476016104880 0.80945292731973905731 
0.31888156151675101091 0.07327590775588130323 0.27140479895986013847 0.33643773176750746412 
0.08538022238810974440 0.33151395267483396712 0.14653652455519211584 0.43656930038186425591 
0.00000000099999999996 0.00000000099999999996 0.99999999699999986280 0.00000000099999999996 
0.00000000100000000000 0.77625394490737753550 0.10582912741085273578 0.11791692668176981251 
0.08843466042633098267 0.06316402484806712958 0.09372929143403228858 0.75467202329156957141 
0.28370521685993826955 0.12160109313047701152 0.19412934497169692660 0.40056434503788784784 
0.99999999700000008485 0.00000000099999999994 0.00000000099999999994 0.00000000099999999994 
0.04801109209322489135 0.06448167487510593487 0.08466451357330340155 0.80284271945836582773 
0.00000000099999999996 0.00000000099999999996 0.99999999699999997382 0.00000000099999999996 
0.52988789229149524385 0.00000000100000000000 0.20584647972463215870 0.26426562698387268124 
0.99999999700000008485 0.00000000099999999994 0.00000000099999999994 0.00000000099999999994 
0.72129714460054594749 0.00000000100000000000 0.27870285339945410907 0.00000000100000000000 
0.27390168912762646869 0.09881805509747709770 0.28763279882875897320 0.33964745694613740490 
0.37585381864966549426 0.06673288572355590142 0.14784040433695685990 0.40957289128982182769 
0.99999999699999997382 0.00000000099999999995 0.00000000099999999995 0.00000000099999999995 
0.05890970790623362152 0.07470865559368089492 0.07343069637096934221 0.79295094012911615522 
0.00000000099999999998 0.00000000099999999998 0.00000000099999999998 0.99999999700000008485 
0.99999999700000008485 0.00000000099999999995 0.00000000099999999995 0.00000000099999999995 
0.43185628592937569392 0.04781703614672557640 0.17217549474856494451 0.34815118317533388925 
0.30063952505085755895 0.08798311815131308611 0.27379314789771336258 0.33758420890011586746 
0.30526200218108817674 0.11939475684967568170 0.17168053785801606903 0.40366270311122004477 
0.32428141700714901985 0.10149942418933956267 0.17256116620304218223 0.40165799260046919361 
0.06796681480701048661 0.29437794529027455637 0.11218505505541186140 0.52547018484730312338 
0.10519506037168112333 0.51221993284119515799 0.17891111067123838252 0.20367389611588543330 
0.00000000099999999996 0.00000000099999999996 0.99999999699999986280 0.00000000099999999996 
0.07059247154394658608 0.21465960294025085431 0.11430497334079839367 0.60044295217500420758 
0.10115730860332297625 0.20176476400572579406 0.12397617454401864412 0.57310175284693254394 
0.06528435693742122570 0.02464466003714002942 0.08841476006712767344 0.82165622295831108879 
0.00000000099999999990 0.00000000099999999990 0.99999999699999997382 0.00000000099999999990 
0.00000000099999999997 0.00000000099999999997 0.00000000099999999997 0.99999999699999997382 
0.35867411223329526138 0.09018177452481170031 0.19172064095667737393 0.35942347228521565050 
0.99999999700000008485 0.00000000099999999991 0.00000000099999999991 0.00000000099999999991 
0.00000000099999999999 0.99999999699999997382 0.00000000099999999999 0.00000000099999999999 
0.05428501523471609969 0.08409764946161082944 0.07953402172395394876 0.78208331357971916376 
0.27449575160781458649 0.11008037820973728960 0.24833013413608917563 0.36709373604635903154 
0.00000000099999999999 0.00000000099999999999 0.00000000099999999999 0.99999999699999997382 