0.00000000099999999993 0.99999999600000011313 0.00000000099999999993 0.00000000099999999993 0.00000000099999999993 
0.00000000099999999993 0.00000000099999999993 0.99999999600000000211 0.00000000099999999993 0.00000000099999999993 
0.00000000099999999998 0.99999999600000011313 0.00000000099999999998 0.00000000099999999998 0.00000000099999999998 
0.00000000099999999997 0.99999999600000011313 0.00000000099999999997 0.00000000099999999997 0.00000000099999999997 
0.00000000099999999995 0.99999999600000011313 0.00000000099999999995 0.00000000099999999995 0.00000000099999999995 
0.03963552680837297698 0.19013501203159485775 0.35957986079716952599 0.09952836957660401995 0.31112123078625847361 
0.00000000099999999998 0.00000000099999999998 0.00000000099999999998 0.00000000099999999998 0.99999999599999989108 
0.04166444764016895286 0.19625074770137951319 0.36100965150513186774 0.09853648397845674034 0.30253866917486305077 
0.00000000099999999996 0.00000000099999999996 0.00000000099999999996 0.00000000099999999996 0.99999999600000000211 
0.03764675233012278882 0.12056761937404364415 0.19595601391257208568 0.05743783027954834502 0.58839178410371328898 
0.01040642952547138171 0.57390013827495556242 0.23614840887154828208 0.04990992641607344682 0.12963509691195135298 
0.00000000099999999993 0.99999999600000000211 0.00000000099999999993 0.00000000099999999993 0.00000000099999999993 
0.00000000099999999996 0.00000000099999999996 0.00000000099999999996 0.00000000099999999996 0.99999999600000000211 
0.00000000099999999997 0.00000000099999999997 0.00000000099999999997 0.00000000099999999997 0.99999999599999989108 
0.00000000099999999997 0.00000000099999999997 0.00000000099999999997 0.00000000099999999997 0.99999999599999989108 
0.00000000099999999998 0.00000000099999999998 0.00000000099999999998 0.00000000099999999998 0.99999999600000000211 
0.00000000099999999996 0.00000000099999999996 0.00000000099999999996 0.00000000099999999996 0.99999999600000000211 
0.00000000099999999995 0.00000000099999999995 0.00000000099999999995 0.00000000099999999995 0.99999999599999989108 
0.01261182129779401216 0.39636740196917635837 0.32168087982684240300 0.06309237788254663803 0.20624751902364063527 
0.03387810406864005114 0.10302347337984682496 0.16281981953902122107 0.04665928143864430527 0.65361932157384772246 
0.02626869519447600984 0.34164251952313251515 0.29446035599824660345 0.05882736403891120763 0.27880106524523362577 
0.03331820042653935859 0.36678467002171383227 0.26234745336069092980 0.08044840343964197726 0.25710127275141381187 
0.03857163047925357691 0.23908426890760381411 0.36427683990776710266 0.08758749423445259807 0.27047976647092286662 
0.04073557644069365075 0.25361253744814038491 0.34149286585336496858 0.07675774951805293400 0.28740127073974808258 
0.01583183131609033206 0.55289072716231857374 0.30149798898824614612 0.04475397903750572004 0.08502547349583931824 
0.03613496509100488918 0.22139728876463335427 0.35333143990670762280 0.09914296367272619481 0.28999334256492786954 
0.03975254010314931835 0.21285313055398472071 0.34713747258249388894 0.09329686395832931245 0.30695999280204266935 
0.04083231439337035168 0.22405562073812146373 0.31983556479826946717 0.09662960979195713007 0.31864689027828146939 
0.00000000099999999994 0.00000000099999999994 0.00000000099999999994 0.99999999599999989108 0.00000000099999999994 
0.00000000099999999996 0.99999999600000011313 0.00000000099999999996 0.00000000099999999996 0.00000000099999999996 
0.00000000099999999999 0.00000000099999999999 0.00000000099999999999 0.00000000099999999999 0.99999999600000000211 
0.02297621011567185789 0.00000000100000000000 0.00009523376134616351 0.06619003827177578902 0.91073851685120621458 
0.00513207419578267689 0.76336183023246662049 0.21265920674606764162 0.01884688782568295570 0.00000000100000000000 
0.03538821747751672714 0.19091350808784893212 0.36833071241929549178 0.09515261938302495281 0.31021494263231380595 
0.02285356757864027283 0.52448915147564956207 0.31720042484576738140 0.05382834742755487206 0.08162850867238778674 
0.07851318208940567811 0.00000000100000000000 0.77797256504667355870 0.14325298556480611789 0.00026126629911451047 
0.00804748506153445294 0.63298845415889237742 0.27485237100785447906 0.04276546697724201151 0.04134622279447665305 
0.00447348823452410702 0.61874910453774323305 0.27663966588196137186 0.03539163730806386965 0.06474610403770732214 
0.00000000099999999997 0.99999999600000000211 0.00000000099999999997 0.00000000099999999997 0.00000000099999999997 
0.02966438495327775038 0.19157312385925259757 0.59169585505331800945 0.09592832660672145906 0.09113830952743018354 
0.00000000099999999994 0.00000000099999999994 0.00000000099999999994 0.99999999599999989108 0.00000000099999999994 
0.01760431496927997164 0.54798651592825653456 0.26920910238880746412 0.05956736376258896931 0.10563270295106710894 
0.00000000099999999999 0.00000000099999999999 0.99999999600000000211 0.00000000099999999999 0.00000000099999999999 
0.05555677884710716330 0.00000000100000000000 0.17693761935088417325 0.00028405064827918998 0.76722155015372950349 
0.03560243715289541921 0.16598730693660532221 0.63887391224232803477 0.08934230707709206465 0.07019403659107910365 
0.23878356201073522302 0.05619164674001732307 0.28513381022840922352 0.05703690604812847870 0.36285407497270982802 
0.03400407318427844938 0.05085029484200047356 0.13982528875527605594 0.02912448639539329601 0.74619585682305167307 
0.00000000099999999998 0.99999999600000011313 0.00000000099999999998 0.00000000099999999998 0.00000000099999999998 
0.00000000099999999998 0.99999999600000000211 0.00000000099999999998 0.00000000099999999998 0.00000000099999999998 
0.00000000099999999994 0.00000000099999999994 0.00000000099999999994 0.00000000099999999994 0.99999999599999989108 
0.00000000099999999996 0.00000000099999999996 0.99999999599999989108 0.00000000099999999996 0.00000000099999999996 
0.04917764462391091551 0.05664171929923600413 0.12372647524078828063 0.01076721267015946781 0.75968694816590531804 
0.01470772620088793212 0.61513717360471964479 0.27883035667310768213 0.04325751351786524118 0.04806723000341937141 
0.04402274495198628401 0.08056420965826936731 0.20044207669809985251 0.05140234586736393968 0.62356862282428060507 
0.05247705467604468071 0.00000000100000000000 0.16781211786928751373 0.01609285552028558511 0.76361797093438232853 
0.00000000099999999997 0.00000000099999999997 0.00000000099999999997 0.00000000099999999997 0.99999999599999989108 
0.04110303361344638806 0.05655667237244694362 0.19638380783163458809 0.04049832307096708217 0.66545816311150485234 
0.01147671358372573218 0.54568803169575197387 0.26538837070586573930 0.04942000209937803812 0.12802688191527850092 
0.03769810453817450113 0.09964782794488477591 0.19980212379531051003 0.05478945458035822114 0.60806248914127192240 
0.00000000099999999990 0.00000000099999999990 0.00000000099999999990 0.99999999600000000211 0.00000000099999999990 
0.03032592066016638957 0.39006743302142626861 0.28891258173134803933 0.06133421451965812704 0.22935985006740125525 
0.07442917586691404075 0.06371867200421696409 0.27386854370172364348 0.03476998725696159309 0.55321362117018380022 
0.05710040219831593461 0.01088234049900821225 0.17055977295083496470 0.00027640134579951669 0.76118108300604148120 
0.03827616252826528120 0.09851646080932696670 0.22351931934889757159 0.05101486506593500003 0.58867319224757508334 
0.99999999600000011313 0.00000000099999999990 0.00000000099999999990 0.00000000099999999990 0.00000000099999999990 
0.03537216178334569305 0.29240592130326581444 0.33217083657981233413 0.08769657005276568218 0.25235451028081046232 
0.00000000099999999999 0.00000000099999999999 0.99999999599999989108 0.00000000099999999999 0.00000000099999999999 
0.00000000099999999998 0.00000000099999999998 0.00000000099999999998 0.00000000099999999998 0.99999999600000000211 
0.04204248789742914827 0.04666682307112441502 0.18704170639067160820 0.04339341890077528380 0.68085556373999966961 
0.00000000099999999999 0.00000000099999999999 0.99999999600000000211 0.00000000099999999999 0.00000000099999999999 
0.00000000099999999998 0.00000000099999999998 0.00000000099999999998 0.00000000099999999998 0.99999999599999989108 
0.01013398401693425301 0.58660697028860520064 0.28719637755892624131 0.02726061838946177568 0.08880204974607253110 
0.00000000099999999997 0.00000000099999999997 0.00000000099999999997 0.00000000099999999997 0.99999999600000000211 
0.05232553848482306841 0.00000000100000000000 0.11004160417160646634 0.00014435010947561611 0.83748850623409476501 
0.99999999600000000211 0.00000000099999999985 0.00000000099999999985 0.00000000099999999985 0.00000000099999999985 
0.05241857135484755820 0.00000000100000000000 0.19463992652396674976 0.00000000100000000000 0.75294150012118576942 
0.00000000099999999987 0.00000000099999999987 0.00000000099999999987 0.99999999599999989108 0.00000000099999999987 
0.99999999600000011313 0.00000000099999999979 0.00000000099999999979 0.00000000099999999979 0.00000000099999999979 
0.05143762477897970836 0.00000000100000000000 0.18508963692602745099 0.00000000100000000000 0.76347273629499290415 
0.15297270400385323819 0.03682874851200369781 0.47424422450684722286 0.19624520986525728627 0.13970911311203854099 
0.00000000099999999996 0.00000000099999999996 0.00000000099999999996 0.00000000099999999996 0.99999999599999989108 
0.07816933471841484848 0.00000000100000000000 0.75223799783865064050 0.13839381118088714406 0.03119885526204728768 
0.01486377973603401730 0.60658164116477086836 0.29137876984784183421 0.03879142167964037824 0.04838438757171290711 
0.07465077818322882197 0.00000000100000000000 0.79273227790277411842 0.13261694191399700515 0.00000000100000000000 
0.03650279688678809142 0.22360053024666709520 0.33830611309003089104 0.08289977275062009043 0.31869078702589398455 
0.00000000099999999987 0.00000000099999999987 0.00000000099999999987 0.99999999600000000211 0.00000000099999999987 
0.04375039292768374138 0.00022626382619839807 0.16839273164725260257 0.00970584962039539034 0.77792476197846982533 
0.01671541163640229144 0.57701051815599124772 0.28794160693735770806 0.05340538020184393275 0.06492708306840475063 
0.03778819762715505265 0.15451525197548282575 0.58866966943928644707 0.11756485353748834244 0.10146202742058739454 
0.00000000099999999996 0.00000000099999999996 0.99999999599999989108 0.00000000099999999996 0.00000000099999999996 
0.01227962116483986670 0.60482161083308405569 0.26248324995211230748 0.04860059091879374848 0.07181492713116993665 
0.00000000099999999987 0.00000000099999999987 0.00000000099999999987 0.99999999600000000211 0.00000000099999999987 
0.00000000099999999999 0.00000000099999999999 0.81063728220638187061 0.18936271479361799219 0.00000000099999999999 
0.00000000099999999996 0.00000000099999999996 0.99999999600000000211 0.00000000099999999996 0.00000000099999999996 
0.00000000099999999999 0.00000000099999999999 0.80096769386654731449 0.19903230313345257607 0.00000000099999999999 
0.08446384584785700256 0.00000000100000000000 0.71397641372040032692 0.15306249309351768750 0.04849724633822498354 
0.01570826089046456833 0.18537519354562531637 0.66523457568335153667 0.09446994991865804991 0.03921201996190060851 
0.00000000099999999996 0.00000000099999999996 0.99999999599999989108 0.00000000099999999996 0.00000000099999999996 
0.01330985625183547447 0.59818789408517591966 0.27275195433746651785 0.03667660851204523897 0.07907368681347676231 
0.00000000099999999997 0.99999999600000011313 0.00000000099999999997 0.00000000099999999997 0.00000000099999999997 
0.00000000099999999991 0.00000000099999999991 0.00000000099999999991 0.99999999599999989108 0.00000000099999999991 
0.00000000099999999999 0.00000000099999999999 0.99999999599999989108 0.00000000099999999999 0.00000000099999999999 
0.08103780174612884579 0.00000000100000000000 0.78857929536977644513 0.13038138382987751740 0.00000151805421726548 
0.02723210697936607680 0.15193307394093977236 0.62160560096521866313 0.09895739273511224010 0.10027182537936321638 
0.02670810484385786887 0.15687981095331549053 0.62803668941886969801 0.10718985366070110654 0.08118554112325586380 
0.02878656845367280614 0.36093076231076182125 0.26858687358865213080 0.05306958238969401026 0.28862621325721921073 
0.08041005339487188042 0.08638749132589501611 0.30508934926688235922 0.02941889546993111185 0.49869421054241963587 
0.99999999600000011313 0.00000000099999999990 0.00000000099999999990 0.00000000099999999990 0.00000000099999999990 
0.02711984098423524808 0.41325830298853089007 0.29667773927330426398 0.05445892480758064008 0.20848519194634881901 
0.02852228933198023772 0.38241643478059705874 0.32756289175075775644 0.06694581321554116116 0.19455257092112365758 
0.01478941135715651327 0.63538905430880143754 0.27468656382066380939 0.03929474634791196852 0.03584022416546635281 
0.99999999600000000211 0.00000000099999999976 0.00000000099999999976 0.00000000099999999976 0.00000000099999999976 
0.00000000099999999994 0.99999999600000000211 0.00000000099999999994 0.00000000099999999994 0.00000000099999999994 
0.03576441185508189013 0.10809672143618818951 0.67570440108251339506 0.11437856089728441755 0.06605590472893207998 
0.00000000099999999993 0.00000000099999999993 0.99999999599999989108 0.00000000099999999993 0.00000000099999999993 
0.00000000099999999998 0.00000000099999999998 0.00000000099999999998 0.00000000099999999998 0.99999999599999989108 
0.01145221616368414727 0.58924148233186168788 0.26866274019677632845 0.03999305380584521757 0.09065050750183259454 
0.06084932113149664479 0.09104858216172638519 0.62057037384940472169 0.14114462944821676293 0.08638709340915562418 
0.00000000099999999998 0.99999999600000011313 0.00000000099999999998 0.00000000099999999998 0.00000000099999999998 