0.99999999799999994554 0.00000000099999999999 0.00000000099999999999 
0.99999999799999994554 0.00000000099999999998 0.00000000099999999998 
0.99999999799999994554 0.00000000100000000000 0.00000000100000000000 
0.99999999800000005656 0.00000000100000000000 0.00000000100000000000 
0.99999999799999994554 0.00000000099999999999 0.00000000099999999999 
0.56170274855672519543 0.33733154207833887517 0.10096570936493591553 
0.00000000099999999999 0.99999999799999994554 0.00000000099999999999 
0.56723767857254325797 0.32669235238928567844 0.10606996903817099420 
0.00000000099999999998 0.99999999800000005656 0.00000000099999999998 
0.31643552398113528046 0.60195086854860690995 0.08161360747025789286 
0.81078072351733798673 0.15158009602814698225 0.03763918045451500327 
0.99999999800000005656 0.00000000099999999999 0.00000000099999999999 
0.00000000099999999998 0.99999999800000005656 0.00000000099999999998 
0.00000000099999999999 0.99999999799999994554 0.00000000099999999999 
0.00000000099999999998 0.99999999799999994554 0.00000000099999999998 
0.00000000099999999999 0.99999999799999994554 0.00000000099999999999 
0.00000000099999999998 0.99999999800000005656 0.00000000099999999998 
0.00000000099999999997 0.99999999800000005656 0.00000000099999999997 
0.71029892365725522119 0.22996346201823233968 0.05973761432451256403 
0.26339886013954255661 0.66681562503670432918 0.06978551482375322523 
0.62945795527295222982 0.29812880558839899292 0.07241323913864872175 
0.64069176772702318701 0.27816971114823074718 0.08113852112474606582 
0.60584505499781171611 0.29556503088115149147 0.09858991412103683405 
0.59224757206615907812 0.31217674243478321650 0.09557568549905760824 
0.83773328560079463045 0.10879266683229754653 0.05347404756690777444 
0.58729142883667617703 0.31553520916464045110 0.09717336199868335800 
0.56880464326725843627 0.33139138059138051329 0.09980397614136100881 
0.55703334026548834146 0.34311146847790713332 0.09985519125660462236 
0.57457027015802208947 0.34270061093990883405 0.08272911890206906260 
0.99999999800000005656 0.00000000099999999999 0.00000000099999999999 
0.00000000099999999999 0.99999999800000005656 0.00000000099999999999 
0.02575403003718269856 0.90970439924658363928 0.06454157071623374542 
0.93024932667828685862 0.03266837575355114459 0.03708229756816182332 
0.56657118171494802450 0.33380439317197252436 0.09962442511307964543 
0.83106430824042765160 0.10648165883531272857 0.06245403292425957820 
0.69228850184142531887 0.08279006593830962046 0.22492143222026500515 
0.88464507699191774481 0.07353666464671103353 0.04181825836137127717 
0.87515627535775708523 0.09203356732415256258 0.03281015731809051178 
0.97468083567540308998 0.02531916332459684463 0.00000000100000000000 
0.77213548139342047527 0.12172728227160702075 0.10613723633497250398 
0.56590126610402158303 0.34985183071894526696 0.08424690317703316389 
0.81782268586560280532 0.12859062661353512502 0.05358668752086220149 
0.82575698827683730041 0.07237581947365254176 0.10186719224951011620 
0.13506978665974561649 0.77044730854880660864 0.09448290479144783038 
0.77923376875238259398 0.10524890652176480121 0.11551732472585259093 
0.30647185845160673789 0.37232435047398532157 0.32120379107440788502 
0.18204909560963350446 0.75396190656886152848 0.06398899782150491156 
0.97254241003646246799 0.02745758896353735212 0.00000000100000000000 
0.94252017975399615679 0.05746926959649741734 0.00001055064950633782 
0.00000000099999999997 0.99999999799999994554 0.00000000099999999997 
0.87963841142396548278 0.03998842268775273934 0.08037316588828177788 
0.15311979810223100285 0.76651668142332796130 0.08036352047444104973 
0.87312584103510137989 0.07622131995811644301 0.05065283900678224649 
0.27798257012821336875 0.63699482021397557663 0.08502260965781095747 
0.14219721691750475401 0.76825462506845076938 0.08954815801404442110 
0.00000000099999999998 0.99999999799999994554 0.00000000099999999998 
0.24000052574396110727 0.67587969835724548417 0.08411977589879346406 
0.80922292019470565272 0.14893902636001599138 0.04183805344527823100 
0.30146579039765564190 0.62209056196762757551 0.07644364763471678259 
0.00000000099999999995 0.00000000099999999995 0.99999999800000005656 
0.67251650770230098075 0.24979859372899004821 0.07768489856870898491 
0.30334872758389097580 0.56442683624836342826 0.13222443616774556818 
0.13948019265692548907 0.76156953490412815366 0.09895027243894637115 
0.31642539738541014538 0.60228439804386668666 0.08129020457072309858 
0.00000000099999999997 0.00000000099999999997 0.99999999799999994554 
0.62989712810925402309 0.27664174552858517009 0.09346112636216066805 
0.81804952344159720390 0.07784998294370826244 0.10410049361469457530 
0.00000000099999999999 0.99999999800000005656 0.00000000099999999999 
0.22457396032502693894 0.69085879288534124409 0.08456724678963167818 
0.80026977670762933226 0.09465126443944250900 0.10507895885292813098 
0.00000000099999999999 0.99999999799999994554 0.00000000099999999999 
0.85070250714498441003 0.11097157913101415860 0.03832591372400148688 
0.00000000099999999998 0.99999999800000005656 0.00000000099999999998 
0.02864144392246723708 0.87711302910718158543 0.09424552697035108728 
0.00000000099999999995 0.00000000099999999995 0.99999999799999994554 
0.10665251967174170511 0.78354728251083949342 0.10980019781741884310 
0.00000000099999999994 0.00000000099999999994 0.99999999800000005656 
0.00000000099999999992 0.00000000099999999992 0.99999999800000005656 
0.10093902586682587663 0.79016495418639398629 0.10889601994678002606 
0.51747082537421995596 0.14324267898340489746 0.33928649564237522984 
0.00000000099999999998 0.99999999799999994554 0.00000000099999999998 
0.69108339273182850526 0.09242882429162346813 0.21648778297654808211 
0.87424920268448913507 0.07875654646119066571 0.04699425085432025473 
0.71014539564493650570 0.06997210427064495808 0.21988250008441850847 
0.56443424827465549232 0.34252920041317863609 0.09303655131216587160 
0.99999999800000005656 0.00000000099999999999 0.00000000099999999999 
0.14992970507222377896 0.77849522050526265282 0.07157507442251356822 
0.85464788400895819187 0.09010681789556056198 0.05524529809548114206 
0.74250306071779759165 0.13053532709749562923 0.12696161218470669585 
0.94852912385578103116 0.00000000099999999999 0.05147087514421899712 
0.85603906846304445022 0.09579674444795803490 0.04816418708899766060 
0.99999999800000005656 0.00000000100000000000 0.00000000100000000000 
0.88033215812629639352 0.03023362595796921098 0.08943421591573443019 
0.96000102737563364208 0.00000000100000000000 0.03999897162436639314 
0.87973196721410429344 0.02183703484796366626 0.09843099793793212704 
0.67379100992460894126 0.09488029986090495971 0.23132869021448612679 
0.82358530406652652456 0.08287433893167660270 0.09354035700179684498 
0.87641913498004464511 0.03160102162967126649 0.09197984339028413003 
0.85271024303584785908 0.10514359824205155025 0.04214615872210056291 
0.99999999799999994554 0.00000000100000000000 0.00000000100000000000 
0.92589733362601189803 0.00000011966965366245 0.07410254670433449875 
0.82785821288619143576 0.06590253004734940301 0.10623925706645918898 
0.69508514965064849278 0.08557640048919269715 0.21933844986015887946 
0.75841105873973546636 0.12947285659557070114 0.11211608466469369372 
0.77876642570809206934 0.11238355109848532920 0.10885002319342261534 
0.62441363712934649932 0.30861573357691252095 0.06697062929374097973 
0.35287728624076414308 0.51198484902839580535 0.13513786473084013484 
0.00000000099999999997 0.00000000099999999997 0.99999999799999994554 
0.69891280961354873558 0.23063459249920928440 0.07045259788724192451 
0.70326047992087614702 0.21665038208663847663 0.08008913799248530696 
0.88457344335584542350 0.06815164545516227967 0.04727491118899235928 
0.00000000099999999992 0.00000000099999999992 0.99999999800000005656 
0.99999999799999994554 0.00000000099999999999 0.00000000099999999999 
0.77571904988904483158 0.09733553890003496245 0.12694541121092020597 
0.99999999800000005656 0.00000000099999999998 0.00000000099999999998 
0.00000000099999999999 0.99999999800000005656 0.00000000099999999999 
0.84651818462418715328 0.11353482050168110795 0.03994699487413175265 
0.69792684519526027032 0.11142300228153381725 0.19065015252320588468 
0.98515181094962789299 0.00233977257467747526 0.01250841647569469854 