0.00000000099999999982 0.00000000099999999982 0.99999999500000003039 0.00000000099999999982 0.00000000099999999982 0.00000000099999999982 
0.99999999500000003039 0.00000000099999999984 0.00000000099999999984 0.00000000099999999984 0.00000000099999999984 0.00000000099999999984 
0.00000000099999999999 0.00000000099999999999 0.14755432973003809738 0.00000000099999999999 0.00000000099999999999 0.85244566626996198799 
0.00000000099999999998 0.00000000099999999998 0.16145006816381182735 0.00000000099999999998 0.00000000099999999998 0.83854992783618820251 
0.00000000099999999990 0.00000000099999999990 0.99999999499999991937 0.00000000099999999990 0.00000000099999999990 0.00000000099999999990 
0.00015390752367630133 0.33961720284121243996 0.00000000100000000000 0.01907333150550963655 0.25878029699882448833 0.38237526013077699494 
0.00000000099999999997 0.00000000099999999997 0.00000000099999999997 0.00000000099999999997 0.99999999499999991937 0.00000000099999999997 
0.00000379733638090375 0.33867974913685239269 0.00000000100000000000 0.02160955588426534749 0.24763014636494484755 0.39207675027755650721 
0.00000000099999999995 0.00000000099999999995 0.00000000099999999995 0.00000000099999999995 0.99999999500000003039 0.00000000099999999995 
0.00000000100000000000 0.20454544398957646978 0.00000000243087902229 0.02194868112265140753 0.54635729364185803281 0.22714857781503502987 
0.00000000099999999998 0.00000000099999999998 0.00000000099999999998 0.00000000099999999998 0.00000000099999999998 0.99999999500000003039 
0.00000000099999999981 0.00000000099999999981 0.99999999499999991937 0.00000000099999999981 0.00000000099999999981 0.00000000099999999981 
0.00000000099999999995 0.00000000099999999995 0.00000000099999999995 0.00000000099999999995 0.99999999499999991937 0.00000000099999999995 
0.00000000099999999996 0.00000000099999999996 0.00000000099999999996 0.00000000099999999996 0.99999999500000003039 0.00000000099999999996 
0.00000000099999999996 0.00000000099999999996 0.00000000099999999996 0.00000000099999999996 0.99999999499999991937 0.00000000099999999996 
0.00000000099999999997 0.00000000099999999997 0.00000000099999999997 0.00000000099999999997 0.99999999500000003039 0.00000000099999999997 
0.00000000099999999995 0.00000000099999999995 0.00000000099999999995 0.00000000099999999995 0.99999999500000003039 0.00000000099999999995 
0.00000000099999999994 0.00000000099999999994 0.00000000099999999994 0.00000000099999999994 0.99999999500000003039 0.00000000099999999994 
0.00000000099999999998 0.00000000099999999998 0.00000000099999999998 0.00000000099999999998 0.00981361576214112748 0.99018638023785898739 
0.00000000100000000000 0.18665227308142121054 0.00000000100000000000 0.01730689019018668076 0.61160344807588085114 0.18443738665251113718 
0.00383933733055317160 0.22645569859476999408 0.02891641554916242821 0.01003760834411483206 0.22825143257651472894 0.50249950760488482082 
0.01627893689277349829 0.19664881185333621394 0.03635780124758695997 0.01947887510151889018 0.21086924746391411123 0.52036632744087019109 
0.00000000100000000000 0.33802554105788673589 0.00000000100000000000 0.01733862099852341923 0.21220610498461223159 0.43242973095897752067 
0.00000000100000000000 0.30660790712940089175 0.00000000100000000000 0.02053013214777296008 0.23089303362817445442 0.44196892509465168786 
0.00000000100000000000 0.18190170701795455033 0.02606758994121859824 0.00000000100000000000 0.00000000100000000000 0.79203070004082687383 
0.00000000100000000000 0.33444851435336431233 0.00000000100000000000 0.01413221297309268099 0.23468010668677868891 0.41673916398676441597 
0.00000000313904081049 0.32382601005090988489 0.00000000100000000000 0.01999394922182589490 0.25403532378947613068 0.40214471279874725029 
0.00000000100000000000 0.31416256040162360286 0.00000000100000000000 0.02034799557138398940 0.26450557595269325040 0.40098386607429897799 
0.00000000099999999999 0.37982211057145592870 0.00000000099999999999 0.00006853288391876473 0.23570230556452059778 0.38440704898010474855 
0.00000000099999999997 0.00000000099999999997 0.16051571859077298776 0.00000000099999999997 0.00000000099999999997 0.83948427740922693108 
0.00000000099999999998 0.00000000099999999998 0.00000000099999999998 0.00000000099999999998 0.99999999499999991937 0.00000000099999999998 
0.04389485323143335616 0.00000082190120009806 0.00000000100000000000 0.02505824600243076669 0.93093953737223522626 0.00010654049270065750 
0.00000000099999999999 0.00000000099999999999 0.14386648363369322623 0.00000000099999999999 0.00000000099999999999 0.85613351236630674812 
0.00000000230235316389 0.34881810773092503108 0.00000000100000000000 0.01286565727078494911 0.25496264784094779809 0.38335358385498913281 
0.00000000100000000000 0.20486025475111674377 0.04496317570651692935 0.00672202162068287999 0.00001406523165413169 0.74344048169002940885 
0.00000000099999999994 0.99999999500000003039 0.00000000099999999994 0.00000000099999999994 0.00000000099999999994 0.00000000099999999994 
0.00000000099999999999 0.00000000099999999999 0.07998146858594674946 0.00000000099999999999 0.00000000099999999999 0.92001852741405332203 
0.00000000099999999999 0.00000011308809405379 0.01034915178481033565 0.00000000099999999999 0.00000000099999999999 0.98965073212709564476 
0.00000000099999999988 0.00000000099999999988 0.99999999499999991937 0.00000000099999999988 0.00000000099999999988 0.00000000099999999988 
0.11496667137233831935 0.42796300197861697479 0.00000000100000000000 0.00978659412111700100 0.04443895701932343290 0.40284477450860423087 
0.00000000099999999999 0.38203249407814043881 0.00000000099999999999 0.00030267362558344799 0.24642968193238257157 0.37123514836389354121 
0.00000000099999999999 0.00000000099999999999 0.00000000099999999999 0.00000000099999999999 0.00000000099999999999 0.99999999499999991937 
0.26469364416587165545 0.40280328368137824357 0.00000000100000000000 0.00653830419266621717 0.00735709840219651249 0.31860766855788746899 
0.00000000100000000000 0.23076369953859046658 0.00000000100000000000 0.03441188649097528390 0.73482440790629743876 0.00000000406413679264 
0.10929932221051763541 0.46851317587273633158 0.00000000100000000000 0.01592771955844491175 0.00999287270448974245 0.39626690865381142270 
0.01235043010099516093 0.30101863370203901793 0.01295168375669742203 0.21777252615552961101 0.33000524004074127671 0.12590148624399749577 
0.00266132651127722920 0.14725769240749322919 0.00000000100000000000 0.02199111873786888799 0.71434508546151687103 0.11374477588184374321 
0.00000000099999999996 0.00000000099999999996 0.00000000099999999996 0.00000000099999999996 0.00000000099999999996 0.99999999500000003039 
0.00000000099999999997 0.00000000099999999997 0.00000000099999999997 0.00000000099999999997 0.00000000099999999997 0.99999999499999991937 
0.00000000099999999993 0.00000000099999999993 0.00000000099999999993 0.00000000099999999993 0.99999999500000003039 0.00000000099999999993 
0.00000000099999999992 0.99999999500000003039 0.00000000099999999992 0.00000000099999999992 0.00000000099999999992 0.00000000099999999992 
0.00000000100000000000 0.16766048505426670023 0.00000000100000000000 0.03212326132077671093 0.71902150604879921936 0.08119474557615728727 
0.00002529577438726692 0.15547027693337811538 0.07651018076706378457 0.00000000100000000000 0.00000000100000000000 0.76799424452517073281 
0.00000000100000000000 0.21709552755047475947 0.00000000100000000000 0.02603248618692952446 0.57862224894443337053 0.17824973531816246108 
0.00000000100000000000 0.22682238540187868447 0.00000000100000000000 0.03338390183947831380 0.73937111216784068279 0.00042259859080224680 
0.00000000099999999996 0.00000000099999999996 0.00000000099999999996 0.00000000099999999996 0.99999999499999991937 0.00000000099999999996 
0.00000000100000000000 0.20772537482397834818 0.00000000100000000000 0.02296338821901357588 0.62013425827882562302 0.14917697667818233254 
0.00000000099999999999 0.00000000099999999999 0.00000000099999999999 0.00000000099999999999 0.00000000099999999999 0.99999999499999991937 
0.00000000100000000000 0.22239151909312063204 0.00000000100000000000 0.01880988788210733592 0.56033503001199924665 0.19846356101277273787 
0.00000000099999999988 0.00000000099999999988 0.99999999500000003039 0.00000000099999999988 0.00000000099999999988 0.00000000099999999988 
0.00000004378120899945 0.22539695590174821382 0.03206721706425426366 0.01435940056795066005 0.17554239793128820213 0.55263398475354974515 
0.03517328949628293483 0.27129847591195593859 0.02099420669521253474 0.05653288987912951508 0.52492448868406227369 0.09107664933335689328 
0.00000000100000000000 0.22796222784279676632 0.00113381880451849586 0.03667999753343446911 0.73406709559775396023 0.00015685922149628794 
0.00000000100000000000 0.23893785887932758594 0.00000000100000000000 0.01958253684458384838 0.54075623142006212785 0.20072337085602642848 
0.00000000099999999988 0.00000000099999999988 0.00000000099999999988 0.99999999499999991937 0.00000000099999999988 0.00000000099999999988 
0.00000000693212560588 0.31225551250518068791 0.00064609920105643693 0.01468849289575168034 0.19702958820012878016 0.47538030026575694986 
0.22875093315688785345 0.45802899339210911833 0.00000000100000000000 0.00510241860501464434 0.00597391375655010725 0.30214374008943839511 
0.00000000099999999998 0.00000000099999999998 0.00000000099999999998 0.00000000099999999998 0.99999999500000003039 0.00000000099999999998 
0.00000000100000000000 0.22640828739911178502 0.00000000100000000000 0.02420449511362294387 0.63875928455558428354 0.11062793093168087066 
0.09325219346069836546 0.48185849118735540886 0.00000000100000000000 0.00000000100000000000 0.00000000100000000000 0.42488931235194637992 
0.00000000099999999998 0.00000000099999999998 0.00000000099999999998 0.00000000099999999998 0.99999999500000003039 0.00000000099999999998 
0.00000000099999999999 0.00000000099999999999 0.00000000099999999999 0.00000000099999999999 0.00000000099999999999 0.99999999499999991937 
0.00000000099999999996 0.00000000099999999996 0.00000000099999999996 0.00000000099999999996 0.99999999499999991937 0.00000000099999999996 
0.00000000099999999999 0.17172505843127486291 0.00000000099999999999 0.03224809322327152478 0.79602684534545353756 0.00000000099999999999 
0.00000000099999999982 0.00000000099999999982 0.00000000099999999982 0.99999999500000003039 0.00000000099999999982 0.00000000099999999982 
0.00000000099999999999 0.29781786505566798517 0.00000000099999999999 0.00709714777232632512 0.69508498417200570429 0.00000000099999999999 
0.00000000099999999983 0.00000000099999999983 0.99999999499999991937 0.00000000099999999983 0.00000000099999999983 0.00000000099999999983 
0.00000000099999999974 0.00000000099999999974 0.00000000099999999974 0.99999999499999991937 0.00000000099999999974 0.00000000099999999974 
0.00000000099999999999 0.28806879116477446257 0.00000000099999999999 0.00717548854762182792 0.70475571728760366685 0.00000000099999999999 
0.00000000099999999999 0.76590966628902845681 0.09758754989646274691 0.13650278081450881174 0.00000000099999999999 0.00000000099999999999 
0.00000000099999999995 0.00000000099999999995 0.00000000099999999995 0.00000000099999999995 0.99999999499999991937 0.00000000099999999995 
0.00000000099999999994 0.99999999500000014141 0.00000000099999999994 0.00000000099999999994 0.00000000099999999994 0.00000000099999999994 
0.00000000099999999998 0.00000000099999999998 0.00000000099999999998 0.00000000099999999998 0.00000000099999999998 0.99999999500000003039 
0.00000000099999999995 0.99999999500000014141 0.00000000099999999995 0.00000000099999999995 0.00000000099999999995 0.00000000099999999995 
0.00000000100000000000 0.32238306156777613021 0.00000000100000000000 0.01549576044823955563 0.26135971587202472266 0.40076146011195945551 
0.99999999500000014141 0.00000000099999999984 0.00000000099999999984 0.00000000099999999984 0.00000000099999999984 0.00000000099999999984 
0.00000000100000000000 0.18914310023265512584 0.00000000100000000000 0.02474363173384330761 0.73071961599455248493 0.05539365003894913819 
0.00000234320631678098 0.18540956191281479648 0.07667093073440067741 0.00000000232409473176 0.00000000100000000000 0.73791716082237301944 
0.11444533696383091259 0.45837361132316778445 0.00000000100000000000 0.01657225023212811899 0.05094862834008346414 0.35966017214078982445 
0.99999999500000014141 0.00000000099999999991 0.00000000099999999991 0.00000000099999999991 0.00000000099999999991 0.00000000099999999991 
0.00000000099999999999 0.00000000099999999999 0.00000000099999999999 0.00000000099999999999 0.00000000099999999999 0.99999999499999991937 
0.99999999500000014141 0.00000000099999999986 0.00000000099999999986 0.00000000099999999986 0.00000000099999999986 0.00000000099999999986 
0.38255287438447588277 0.37376186468176536559 0.00000000100000000000 0.00000000100000000000 0.00000000100000000000 0.24368525793375883648 
0.99999999500000003039 0.00000000099999999991 0.00000000099999999991 0.00000000099999999991 0.00000000099999999991 0.00000000099999999991 
0.49884642271907653210 0.50115357328092358102 0.00000000099999999999 0.00000000099999999999 0.00000000099999999999 0.00000000099999999999 
0.00000000099999999994 0.99999999500000003039 0.00000000099999999994 0.00000000099999999994 0.00000000099999999994 0.00000000099999999994 
0.18787059384155896380 0.42598798349098099258 0.00000000100000000000 0.00001495441869658312 0.00004378400709989963 0.38608268324166356011 
0.00000000099999999993 0.99999999500000003039 0.00000000099999999993 0.00000000099999999993 0.00000000099999999993 0.00000000099999999993 
0.00000000099999999998 0.00000000099999999998 0.00000000099999999998 0.00000000099999999998 0.00000000099999999998 0.99999999500000003039 
0.00000000099999999998 0.00000000099999999998 0.20031503699740346724 0.00000000099999999998 0.00000000099999999998 0.79968495900259650710 
0.99999999500000014141 0.00000000099999999992 0.00000000099999999992 0.00000000099999999992 0.00000000099999999992 0.00000000099999999992 
0.25032800142681072009 0.42686014303362146416 0.00000000100000000000 0.00239381170946300964 0.00000000100000000000 0.32041804183010469398 
0.00000000099999999994 0.99999999500000014141 0.00000000099999999994 0.00000000099999999994 0.00000000099999999994 0.00000000099999999994 
0.12020455784802855370 0.45042166874828348799 0.00000000100000000000 0.00632307328567632138 0.05102694111909363700 0.37202375799891795882 
0.15547543401315150335 0.43429303174110878150 0.00000000100000000000 0.00731133473241080481 0.03405585808876331055 0.36886434042456567317 
0.00000003814985043771 0.20945753855474441574 0.01613538774991307712 0.01294141919181863651 0.23595827383924242171 0.52550734251443098621 
0.05120548488421113043 0.26488243518213089311 0.01080041277145021156 0.06323073856665903381 0.46726871542227466083 0.14261221317327396618 
0.00000000099999999987 0.00000000099999999987 0.00000000099999999987 0.99999999500000003039 0.00000000099999999987 0.00000000099999999987 
0.00000000100000000000 0.23505838673224568880 0.01918485184816988778 0.00986949665332619193 0.14769773444937650542 0.58818952931688173180 
0.00001089250734262954 0.25630037260670363031 0.01295019771832645397 0.01143658886720800606 0.14026283609497652849 0.57903911220544279637 
0.00000000691032589296 0.13345818136102330365 0.08340235880296073545 0.00000000100000000000 0.00000000100000000000 0.78313945092569015038 
0.00000000099999999970 0.00000000099999999970 0.00000000099999999970 0.99999999500000003039 0.00000000099999999970 0.00000000099999999970 
0.00000000099999999996 0.00000000099999999996 0.14238215788750821500 0.00000000099999999996 0.00000000099999999996 0.85761783811249170384 
0.18358136918443138108 0.47266914008842436656 0.00000000100000000000 0.01440153164466702329 0.02143582772540199646 0.30791213035707515333 
0.99999999500000014141 0.00000000099999999983 0.00000000099999999983 0.00000000099999999983 0.00000000099999999983 0.00000000099999999983 
0.00000000099999999998 0.00000000099999999998 0.00000000099999999998 0.00000000099999999998 0.99999999499999991937 0.00000000099999999998 
0.00000000099999999998 0.00000000099999999998 0.00000000099999999998 0.00000000099999999998 0.00000000099999999998 0.99999999499999991937 
0.00000000099999999995 0.99999999500000014141 0.00000000099999999995 0.00000000099999999995 0.00000000099999999995 0.00000000099999999995 
0.00000000099999999999 0.00000000099999999999 0.15438787928806566030 0.00000000099999999999 0.00000000099999999999 0.84561211671193425854 