1.084789276	0.059975061	0.069490219	-0.070802615	1.40E-03	-0.072820526	-0.027118224	0.030050293	-0.080885077	-0.070179326	-0.072070131	-0.06934381	-0.077171562	-0.081409294	9.69E-03	0.019332619	0.004246445	0.004355557	0.031319099	2.53E-03	1.87E-04	0.001118909	0.001693516	0.070057299	-0.05960614	-0.05475468	0.054964326	-0.002289707	0.031028282	0.041853089	0.041411884	0.047623281	3.63E-02	-0.045263815	-0.04625482	0.046487903	0.045517101	-0.08177086	-0.046005472	0.041214994	-0.033530065	-0.045860277	-0.074774818	-0.036859196	3.63E-02	-0.03076171	0.017253707	-0.02814653	-0.045140772	-3.03E-02	8.46E-03	-6.02E-02	-0.039209255	-0.057297313	3.52E-02	-0.070514544	-0.051577087	-4.69E-02	-0.006589158	-0.047440225	0.003295332	-0.075122385	0.035566981	-0.047615476	0.038160236	0.041792255	4.14E-02	5.25E-02	-2.13E-02	0.017081011	0.016807952	0.040184649	0.0650806	-0.058841278	0.032331023	0.0547388470.059975061	1.09694016	0.063060146	-0.067466	-6.34E-03	-0.066104195	-0.032039851	0.017064238	-0.078255566	-0.0671945	-0.067270848	-0.068388219	-0.072091359	-0.074915776	3.96E-03	0.01295623	-0.005036218	-0.003436532	0.016650928	-5.99E-03	-7.54E-03	-0.00478726	-0.005187174	0.065389948	-0.060323948	-0.054462363	0.049248567	-0.009973856	0.019505419	0.031515824	0.033808895	0.034608527	2.81E-02	-0.045936892	-0.04639686	0.033214575	0.035912564	-0.073760102	-0.04726523	0.03339552	-0.036961857	-0.048069523	-0.071792232	-0.040310185	2.85E-02	-0.034760409	0.010283827	-0.030349452	-0.047137329	-3.39E-02	3.38E-04	-5.89E-02	-0.042357841	-0.055063553	2.31E-02	-0.066448383	-0.05226757	-4.86E-02	-0.012505968	-0.049538467	-0.005685123	-0.071379051	0.023201379	-0.047939859	0.028896356	0.034178041	2.96E-02	4.58E-02	-2.49E-02	0.008436666	0.008407132	0.029377648	0.060377292	-0.05636761	0.02060488	0.0479069820.069490219	0.063060146	1.168987751	-0.078839026	-2.24E-03	-0.078987746	-0.032925209	0.03156987	-0.090096796	-0.077936104	-0.079809558	-0.079187239	-0.086545193	-0.090474027	9.70E-03	0.020107873	0.002488408	0.001729649	0.032699754	-6.28E-04	-2.52E-03	-0.00218045	-0.000530773	0.083222219	-0.067589882	-0.061670096	0.063947559	-0.005967167	0.029589567	0.045961741	0.047522182	0.053875155	3.90E-02	-0.052371401	-0.052626074	0.049219511	0.050209943	-0.089177345	-0.05219739	0.043907865	-0.039804741	-0.052559511	-0.084527689	-0.043532587	3.95E-02	-0.038552352	0.016805412	-0.032616248	-0.051297969	-3.49E-02	6.62E-03	-6.86E-02	-0.045389232	-0.066056394	3.61E-02	-0.078943542	-0.060495758	-5.35E-02	-0.010340469	-0.053822518	-0.000806413	-0.082937176	0.036308013	-0.054147242	0.040937523	0.046388684	4.44E-02	5.83E-02	-2.53E-02	0.018115019	0.016029517	0.042590623	0.078923551	-0.066491422	0.035074919	0.059426365-0.070802615	-0.067466	-0.078839026	1.12227571	-2.06E-02	0.06575856	0.012643897	-0.052527722	0.07855189	0.061443861	0.06974845	0.070339173	0.070708565	0.10776502	-2.86E-02	-0.029794641	-0.027671588	-0.02375658	-0.055192619	-2.32E-02	-2.24E-02	-0.019400553	-0.020672086	-0.078477438	0.042999456	0.039618465	-0.065653426	-0.022872305	-0.051933964	-0.059417057	-0.058715134	-0.067972185	-5.31E-02	0.029747851	0.031005723	-0.065745649	-0.064736904	0.066806402	0.032194194	-0.058022115	0.015077173	0.032601451	0.068305169	0.020057668	-5.18E-02	0.011956767	-0.034412013	0.006629708	0.029375458	1.09E-02	-2.87E-02	3.97E-02	0.021297275	0.032066069	-5.45E-02	0.068304579	0.038125518	2.16E-02	-0.011332206	0.021686505	-0.028658368	0.064977187	-0.058656308	0.028789234	-0.055299579	-0.058577523	-5.73E-02	-6.70E-02	2.89E-04	-0.038798044	-0.037285078	-0.058803199	-0.077561781	0.035683035	-0.055425407	-0.0655930790.001398601	-0.006336022	-0.002236534	-0.020642592	1.06E+00	-0.025806649	-0.009272446	-0.004242931	-0.024016452	-0.021866581	-0.022279657	-0.020106477	-0.024171855	-0.027366262	-3.00E-03	-0.000373125	0.001442455	-0.00119398	-0.004526547	1.16E-03	4.20E-03	0.00114075	0.000299731	-0.001159685	-0.019521912	-0.015916216	0.001015593	-0.000690074	-0.001759927	-0.00193678	-0.00084457	-0.003286476	4.83E-05	-0.016276425	-0.014611714	-0.002836389	-0.001681209	-0.028461274	-0.014432876	-0.002676644	-0.011105882	-0.014058994	-0.022385288	-0.012118094	-2.51E-05	-0.011104703	-0.002885291	-0.013498352	-0.015716057	-9.50E-03	3.33E-04	-2.06E-02	-0.013848535	-0.020385751	-4.84E-03	-0.020917669	-0.016798024	-1.75E-02	-0.005384123	-0.017425273	-0.004058336	-0.024122802	-0.002672736	-0.01534724	-0.002193609	0.000219759	-1.60E-03	-6.45E-03	-1.12E-02	-0.000684376	-0.002268929	-0.003610142	-0.007639869	-0.020133953	-0.005071472	-0.002313244-0.072820526	-0.066104195	-0.078987747	0.06575856	-2.58E-02	1.144833922	0.009569994	-0.052947553	0.069852011	0.060128614	0.062224967	0.064531033	0.087905073	0.0924722	-3.26E-02	-0.03438688	-0.031638688	-0.028884602	-0.054779346	-2.83E-02	-2.57E-02	-0.023303872	-0.024067316	-0.078836273	0.032179622	0.034253859	-0.068574583	-0.026132551	-0.052445993	-0.060603646	-0.060991013	-0.068806317	-5.61E-02	0.022271402	0.026335262	-0.06710397	-0.064367259	0.068080515	0.023886069	-0.059896416	0.008757312	0.025398753	0.077534793	0.010731912	-5.52E-02	0.004495811	-0.036366831	-0.001414921	0.022152709	4.16E-03	-3.37E-02	2.96E-02	0.013086995	0.018248609	-5.67E-02	0.075348205	0.031857533	7.47E-03	-0.015092086	0.011479455	-0.03276828	0.057237297	-0.059267599	0.023509442	-0.056986459	-0.061366453	-5.92E-02	-6.49E-02	-5.74E-03	-0.041489447	-0.040574116	-0.059530501	-0.075501013	0.022567627	-0.053596048	-0.065608863-0.027118224	-0.032039851	-0.032925209	0.012643897	-9.27E-03	0.009569994	1.069290638	-0.024306618	0.016322672	0.010302618	0.011698934	0.015191876	0.014351045	0.009618579	-1.16E-02	-0.011073834	-0.011393681	-0.010246075	-0.025474065	-9.80E-03	-9.89E-03	-0.007381606	-0.009522707	-0.031969579	0.011337056	0.010388808	-0.02575451	-0.009215768	-0.023926247	-0.024376257	-0.024319407	-0.028397657	-2.13E-02	0.005094643	0.010181363	-0.028396602	-0.027006917	0.01093976	0.006400745	-0.024531655	0.004454758	0.007043702	0.013771197	0.004311944	-1.99E-02	0.002365194	-0.013411894	-0.004690099	0.004153739	1.65E-03	-1.21E-02	5.83E-03	0.003594781	0.003012758	-2.55E-02	0.011814247	0.006910921	1.19E-03	-0.007023188	0.001166409	-0.014030163	0.013582343	-0.025456056	0.006008932	-0.024312564	-0.022832331	-2.43E-02	-3.11E-02	-6.60E-03	-0.017744702	-0.016713732	-0.02750327	-0.034399204	0.004334961	-0.025030206	-0.0282632370.030050293	0.017064238	0.03156987	-0.052527722	-4.24E-03	-0.052947553	-0.024306618	1.163743138	-0.059460025	-0.052317967	-0.052342731	-0.053577412	-0.056636065	-0.060679706	2.22E-03	0.009273132	-0.001731081	-0.002649206	0.010402712	-4.10E-03	-4.80E-03	-0.003156747	-0.001084226	0.031893747	-0.044049645	-0.041918574	0.027452975	-0.005318165	0.009592436	0.019074701	0.019973024	0.019949285	2.28E-02	-0.037467673	-0.036481768	0.018277957	0.020550615	-0.060400486	-0.036283227	0.017694051	-0.027001342	-0.035952055	-0.055256671	-0.029307704	3.42E-02	-0.026371629	0.008985387	-0.028807735	-0.037493312	-2.49E-02	5.74E-04	-4.53E-02	-0.033095501	-0.044426658	1.18E-02	-0.052228163	-0.040088456	-3.99E-02	-0.011064048	-0.038317955	-0.006212608	-0.056862338	0.010936329	-0.035948989	0.014918523	0.022672142	2.26E-02	1.55E-02	-2.20E-02	0.006060547	0.005005979	0.013835705	0.024035815	-0.046407277	0.009767309	0.022834538-0.080885077	-0.078255566	-0.090096796	0.07855189	-2.40E-02	0.069852011	0.016322671	-0.059460025	1.24921608	0.073082417	0.07989744	0.075170481	0.119194733	0.093112424	-3.26E-02	-0.03384603	-0.030503019	-0.027123894	-0.06408504	-2.77E-02	-2.42E-02	-0.022469563	-0.022877688	-0.089184264	0.049571331	0.046149693	-0.07630067	-0.024845418	-0.061467611	-0.0694185	-0.068107833	-0.07762035	-6.12E-02	0.032751151	0.038127699	-0.076866155	-0.074605438	0.095347101	0.036287775	-0.068578018	0.016785333	0.03746271	0.083344795	0.022328373	-5.88E-02	0.014548193	-0.039831926	0.005519751	0.031875083	1.08E-02	-3.34E-02	4.67E-02	0.023715778	0.037845213	-6.40E-02	0.087128863	0.044010147	2.35E-02	-0.013620111	0.025883827	-0.033626159	0.074831842	-0.067727602	0.03421912	-0.063965127	-0.066434236	-6.56E-02	-7.69E-02	9.41E-04	-0.04395994	-0.044508935	-0.069154376	-0.088357072	0.042786147	-0.063825784	-0.076222215-0.070179326	-0.0671945	-0.077936104	0.061443861	-2.19E-02	0.060128614	0.010302618	-0.052317967	0.073082417	1.170197487	0.06261317	0.065725355	0.069504858	0.071780614	-2.88E-02	-0.030666133	-0.027516089	-0.025494084	-0.05500197	-2.52E-02	-2.32E-02	-0.020013925	-0.020780794	-0.076451667	0.038722468	0.038101129	-0.066705314	-0.023157768	-0.053873578	-0.057758802	-0.057951899	-0.06768868	-5.26E-02	0.024480366	0.031068697	-0.065341093	-0.06435052	0.06424356	0.028816698	-0.059225038	0.01115952	0.029448896	0.086963572	0.017345	-5.11E-02	0.011613091	-0.034737218	0.002234473	0.025617204	8.59E-03	-2.93E-02	3.67E-02	0.016889387	0.027110202	-5.47E-02	0.06568087	0.03475396	1.64E-02	-0.012896937	0.019197894	-0.030452661	0.062511766	-0.057644993	0.027154823	-0.054860063	-0.056909777	-5.76E-02	-6.58E-02	-2.60E-03	-0.03855081	-0.038825007	-0.059802872	-0.075871691	0.032720785	-0.055474504	-0.066166944-0.072070131	-0.067270848	-0.079809558	0.06974845	-2.23E-02	0.062224967	0.011698934	-0.052342731	0.079897441	0.06261317	1.137280822	0.076297959	0.077590651	0.075305251	-2.89E-02	-0.032720887	-0.029660222	-0.026059762	-0.055214633	-2.68E-02	-2.48E-02	-0.022270013	-0.022600621	-0.079278802	0.037069418	0.037307587	-0.068062069	-0.023241625	-0.054546824	-0.06048034	-0.059201886	-0.070039998	-5.55E-02	0.025247563	0.029145336	-0.067001365	-0.066351404	0.079541571	0.029932199	-0.059841218	0.01139289	0.029560395	0.075294489	0.017100077	-5.36E-02	0.008253903	-0.036614462	0.002454093	0.025631992	7.22E-03	-3.17E-02	3.58E-02	0.017194344	0.026505068	-5.74E-02	0.071852804	0.035891606	1.48E-02	-0.013880833	0.01620708	-0.031867297	0.059365983	-0.058860687	0.027593433	-0.058026912	-0.059705725	-5.88E-02	-6.71E-02	-1.62E-03	-0.039554645	-0.040988102	-0.05989119	-0.076210168	0.028866708	-0.0559815	-0.066132475-0.06934381	-0.068388219	-0.079187239	0.070339173	-2.01E-02	0.064531033	0.015191876	-0.053577412	0.075170481	0.065725355	0.076297959	1.122799516	0.076774409	0.074946859	-2.70E-02	-0.029634211	-0.026737878	-0.023342866	-0.056218834	-2.28E-02	-2.11E-02	-0.018548496	-0.019702072	-0.077288616	0.044778682	0.041781297	-0.06560809	-0.020097717	-0.052525359	-0.060125214	-0.058808984	-0.067542334	-5.31E-02	0.029892209	0.033932711	-0.066657015	-0.064378105	0.085348081	0.033115995	-0.058368839	0.013440617	0.032803185	0.071504534	0.020199722	-5.10E-02	0.012630274	-0.034349222	0.005928036	0.029896768	1.19E-02	-2.77E-02	4.15E-02	0.022252996	0.03600752	-5.69E-02	0.064772665	0.039828336	2.17E-02	-0.011026011	0.023181324	-0.028939616	0.065271523	-0.059552565	0.031433305	-0.056015045	-0.057703369	-5.75E-02	-6.76E-02	2.50E-04	-0.03777904	-0.038372534	-0.059856609	-0.077575563	0.037935747	-0.055081612	-0.066556805-0.077171562	-0.072091359	-0.086545193	0.070708565	-2.42E-02	0.087905073	0.014351045	-0.056636065	0.119194733	0.069504858	0.077590651	0.076774409	1.156151414	0.084857842	-3.19E-02	-0.034974544	-0.030972962	-0.028198725	-0.060351941	-2.63E-02	-2.35E-02	-0.02303375	-0.023547502	-0.085704246	0.043502473	0.041118942	-0.073768594	-0.025151766	-0.057075377	-0.065756087	-0.064360396	-0.075293274	-5.95E-02	0.029041041	0.034075537	-0.07295628	-0.071278876	0.092074099	0.031315935	-0.064417947	0.014207601	0.033926051	0.096959136	0.018103975	-5.77E-02	0.008363374	-0.038550764	0.002666925	0.029111104	9.61E-03	-3.25E-02	4.24E-02	0.0194716	0.033196547	-6.04E-02	0.070034069	0.040074232	1.83E-02	-0.014226904	0.020669311	-0.032561426	0.06752544	-0.062736237	0.030451593	-0.060732017	-0.064384097	-6.26E-02	-7.19E-02	-3.27E-03	-0.043211049	-0.042898712	-0.064388831	-0.083779619	0.034944722	-0.059687412	-0.071855375-0.081409294	-0.074915776	-0.090474027	0.10776502	-2.74E-02	0.0924722	0.009618579	-0.060679706	0.093112424	0.071780614	0.075305251	0.074946859	0.084857842	1.143683195	-3.43E-02	-0.038527851	-0.03285872	-0.030054526	-0.061300536	-3.01E-02	-2.76E-02	-0.025124155	-0.027766758	-0.08892139	0.03780921	0.037666829	-0.078306085	-0.028055185	-0.058243829	-0.067589573	-0.067381026	-0.077448871	-6.26E-02	0.026224143	0.030784645	-0.07489504	-0.075083575	0.247694763	0.028727672	-0.066596422	0.007652188	0.028916767	0.071951546	0.016929356	-6.18E-02	0.00555451	-0.042135052	-0.001153825	0.026217288	4.76E-03	-3.47E-02	3.52E-02	0.016488556	0.024989873	-6.10E-02	0.064381547	0.036391518	1.36E-02	-0.016846835	0.016522061	-0.034477737	0.058639387	-0.064379131	0.026935658	-0.063472949	-0.067705223	-6.75E-02	-7.23E-02	-4.53E-03	-0.045800784	-0.044823494	-0.065549858	-0.084095871	0.027479392	-0.062345632	-0.0747093290.009686195	0.003960988	0.009700659	-0.02860467	-3.00E-03	-0.032601349	-0.011565666	0.002223414	-0.032571815	-0.028773989	-0.028869885	-0.026950827	-0.031872867	-0.034299335	1.05E+00	0.012859977	-0.002381425	-0.003406826	-0.001465072	-2.67E-03	-4.56E-03	-0.003711092	-0.002849884	0.010314332	-0.023591081	-0.021139031	0.009773801	-0.003121155	0.001276899	0.004389598	0.005825466	0.003339434	4.72E-03	-0.020339676	-0.018821659	0.001957831	0.004837828	-0.035624381	-0.020168672	0.003196028	-0.014500012	-0.019757069	-0.029872193	-0.016211112	5.45E-03	-0.015081918	0.002792778	-0.016462013	-0.020855895	-1.40E-02	-1.67E-03	-2.61E-02	-0.017806417	-0.027187455	7.06E-05	-0.02879586	-0.024313284	-2.24E-02	-0.007929322	-0.023125037	-0.004883994	-0.032426235	0.001693575	-0.019811335	0.004530993	0.007009252	5.33E-03	3.12E-03	-1.41E-02	-0.002076908	0.001542799	0.002025786	0.004711146	-0.026345358	-0.000202239	0.0048900510.019332619	0.01295623	0.020107873	-0.029794641	-3.73E-04	-0.03438688	-0.011073834	0.009273132	-0.03384603	-0.030666132	-0.032720887	-0.029634211	-0.034974544	-0.038527851	1.29E-02	1.050940752	0.000639614	0.001836867	0.00787971	3.35E-04	-9.01E-04	0.000386493	0.000710839	0.020467121	-0.025611964	-0.021701556	0.018828006	-0.001762873	0.008162748	0.013167903	0.013006835	0.016124724	1.34E-02	-0.020726781	-0.020299986	0.014632945	0.014710429	-0.038463834	-0.02033284	0.011709459	-0.015256374	-0.020159611	-0.031636349	-0.016815463	1.45E-02	-0.014887822	0.006756637	-0.015500305	-0.021144903	-1.33E-02	2.95E-03	-2.71E-02	-0.01839108	-0.027568294	8.68E-03	-0.031954733	-0.023346896	-2.26E-02	-0.003625832	-0.022479696	-0.000431765	-0.032569518	0.010679797	-0.022119599	0.011409804	0.014011689	1.40E-02	1.29E-02	-1.25E-02	0.004852232	0.006633943	0.011329267	0.016797744	-0.027743572	0.009012117	0.0138679750.004246445	-0.005036218	0.002488408	-0.027671588	1.44E-03	-0.031638688	-0.011393681	-0.001731081	-0.030503019	-0.027516089	-0.029660222	-0.026737878	-0.030972961	-0.032858719	-2.38E-03	0.000639614	1.062782884	0.007049917	-0.002917592	1.82E-03	3.62E-04	-0.001947298	-0.000103769	0.003196359	-0.022329797	-0.020754962	0.004271671	-0.000551149	-0.001469041	-0.000277442	0.001822814	-0.000174343	3.10E-03	-0.019552386	-0.019515931	-0.000162202	0.000838145	-0.032471496	-0.019554326	0.000125153	-0.013218626	-0.018015515	-0.029423684	-0.014458029	2.06E-03	-0.013406824	-0.000960513	-0.017750267	-0.019880216	-1.25E-02	-3.98E-04	-2.39E-02	-0.015570176	-0.024231894	-1.89E-03	-0.029160988	-0.020231502	-2.00E-02	-0.005821981	-0.020492241	-0.004153136	-0.031343168	-0.000877935	-0.018721001	0.000188195	0.004609903	2.14E-03	-3.43E-03	-1.50E-02	0.00044425	0.000596083	0.000303922	-0.003269104	-0.025020043	-0.003649742	-0.0001556080.004355557	-0.003436532	0.001729649	-0.02375658	-1.19E-03	-0.028884602	-0.010246075	-0.002649206	-0.027123894	-0.025494084	-0.026059762	-0.023342866	-0.028198725	-0.030054526	-3.41E-03	0.001836867	0.007049917	1.057155609	-0.002826724	1.47E-03	-1.50E-03	-0.001182673	-0.001094699	0.002115097	-0.019195701	-0.018559721	0.004462689	-0.001299575	-0.000650623	0.000622211	0.001127886	0.001793397	1.51E-03	-0.017403608	-0.015638884	0.001207389	0.000699588	-0.030081201	-0.017467553	0.001269552	-0.011920572	-0.017414812	-0.026062045	-0.012827443	2.65E-03	-0.01155524	-0.000754927	-0.016076658	-0.01895279	-1.09E-02	-2.60E-04	-2.30E-02	-0.014982244	-0.024082994	-1.13E-03	-0.026330923	-0.020148843	-1.89E-02	-0.006233415	-0.018905479	-0.005938618	-0.027343932	0.000936952	-0.018313026	0.000574763	0.002852675	6.82E-04	-3.24E-03	-1.25E-02	-0.000322254	-0.000492762	-0.001160524	-0.003894588	-0.022410244	-0.001569246	-0.0001673750.031319099	0.016650928	0.032699754	-0.055192619	-4.53E-03	-0.054779346	-0.025474065	0.010402712	-0.06408504	-0.05500197	-0.055214633	-0.056218834	-0.060351941	-0.061300536	-1.47E-03	0.00787971	-0.002917592	-0.002826724	1.092432976	-3.34E-03	-6.80E-03	-0.004964362	-0.003167177	0.033361023	-0.048097006	-0.044898965	0.029242883	-0.00735842	0.015815412	0.018649412	0.02139942	0.020656214	2.34E-02	-0.038688881	-0.041021847	0.017959371	0.019497485	-0.062160666	-0.038319103	0.019878346	-0.028904056	-0.03860573	-0.057907434	-0.030215114	2.28E-02	-0.027908442	0.005375689	-0.029491917	-0.037262515	-2.56E-02	3.44E-04	-4.93E-02	-0.034903043	-0.046806312	1.93E-02	-0.05446349	-0.042910819	-3.92E-02	-0.011959036	-0.038724843	-0.005607177	-0.059230293	0.013109766	-0.039942068	0.01597069	0.028811817	2.53E-02	1.60E-02	-2.39E-02	0.003558678	0.005324007	0.019322216	0.022507509	-0.049414919	0.018138621	0.0213355820.002528578	-0.005993666	-0.000627738	-0.023213698	1.16E-03	-0.028310632	-0.009802537	-0.004095723	-0.027653469	-0.025167255	-0.026788134	-0.02281647	-0.026339456	-0.030096682	-2.67E-03	0.000335191	0.001823668	0.001472318	-0.003338712	1.06E+00	5.44E-03	-0.001165254	0.001025168	-0.001370039	-0.02117852	-0.018419748	0.00400336	0.002011157	-0.00290637	-0.002151873	0.000473785	-0.000849971	1.71E-03	-0.017130628	-0.01669272	-0.003003928	-0.000546256	-0.030664612	-0.016751242	-0.002234983	-0.012419949	-0.017755858	-0.025918992	-0.014145622	1.32E-03	-0.013413243	-0.000998829	-0.014903983	-0.018307969	-1.10E-02	-5.09E-05	-2.28E-02	-0.014925167	-0.023618854	-4.41E-03	-0.024648929	-0.01969336	-1.93E-02	-0.007193078	-0.01955767	-0.004032912	-0.028435953	-0.002233334	-0.017243283	-0.000296899	0.001638514	-7.02E-05	-3.76E-03	-1.37E-02	-0.004310355	-0.000825937	-0.003939151	-0.005776622	-0.024000428	-0.003880775	-0.0024576920.000187047	-0.007537907	-0.00251954	-0.022377591	4.20E-03	-0.025725204	-0.009887829	-0.004803672	-0.024199599	-0.023235359	-0.024834915	-0.021086034	-0.023548526	-0.027635644	-4.56E-03	-0.00090129	0.000362054	-0.00150316	-0.006798226	5.44E-03	1.06E+00	-0.000223734	0.001286258	-0.002102549	-0.020328864	-0.018103213	0.000411621	0.001221434	-0.002588709	-0.0032833	-0.00093156	-0.003032003	-1.55E-03	-0.017511801	-0.01680822	-0.004031685	-0.002735489	-0.027603444	-0.016634224	-0.002620859	-0.011032633	-0.015369744	-0.022552785	-0.012635724	1.89E-05	-0.010155097	-0.003254535	-0.014938079	-0.017720638	-1.06E-02	-5.94E-04	-2.04E-02	-0.014350288	-0.0205677	-4.69E-03	-0.024094031	-0.017199616	-1.99E-02	-0.006085136	-0.019312037	-0.005298297	-0.024913218	-0.004495947	-0.015936892	-0.003902394	-0.000181009	-1.65E-03	-8.01E-03	-1.43E-02	-0.002370882	-0.002762081	-0.004101757	-0.008086708	-0.019585462	-0.00479554	-0.0039613470.001118909	-0.00478726	-0.00218045	-0.019400553	1.14E-03	-0.023303871	-0.007381606	-0.003156747	-0.022469563	-0.020013925	-0.022270013	-0.018548496	-0.02303375	-0.025124155	-3.71E-03	0.000386493	-0.001947298	-0.001182673	-0.004964362	-1.17E-03	-2.24E-04	1.050851941	0.00129063	-0.001459012	-0.018053549	-0.015575713	0.001354205	-0.001535167	-0.004021411	-0.001724341	-0.000565151	-0.001040239	8.80E-04	-0.014611464	-0.013618457	-0.002080601	-0.001199485	-0.024828978	-0.012975169	-0.00102353	-0.009536362	-0.014283886	-0.01968665	-0.011212353	9.44E-04	-0.009783258	-0.002556218	-0.014551544	-0.014115446	-1.01E-02	-3.03E-04	-1.77E-02	-0.011820934	-0.019242571	-3.59E-03	-0.02145526	-0.015235531	-1.58E-02	-0.004967552	-0.015380344	-0.004771483	-0.02277357	-0.003584213	-0.013418546	-0.001013243	0.001644185	-5.24E-04	-5.42E-03	-1.14E-02	-0.001970062	-0.003022081	-0.004341783	-0.006363949	-0.019357631	-0.006542113	-0.0023115840.001693516	-0.005187174	-0.000530773	-0.020672086	3.00E-04	-0.024067316	-0.009522707	-0.001084226	-0.022877688	-0.020780794	-0.022600621	-0.019702072	-0.023547502	-0.027766758	-2.85E-03	0.000710839	-0.000103769	-0.001094699	-0.003167177	1.03E-03	1.29E-03	0.00129063	1.059865594	0.000931688	-0.018510549	-0.015953246	0.002773391	-0.000708149	-0.00306256	-0.001557051	0.000507154	-0.000212007	8.56E-04	-0.015507343	-0.014881089	-0.001553583	-0.000244035	-0.027199969	-0.014710544	-0.001142763	-0.010326725	-0.014519456	-0.022148266	-0.012463717	1.11E-03	-0.010211068	-0.002510797	-0.013369897	-0.017173338	-1.05E-02	-2.76E-04	-2.00E-02	-0.013139583	-0.020905795	-4.30E-03	-0.022619636	-0.016999121	-1.74E-02	-0.006243065	-0.017990401	-0.004581741	-0.021814507	-0.002881818	-0.014954875	-0.00081885	0.000768128	1.68E-03	-5.28E-03	-1.18E-02	-0.001610584	-0.000641662	-0.002737871	-0.005153403	-0.020388332	-0.002710493	-0.0014696030.070057299	0.065389948	0.083222219	-0.078477438	-1.16E-03	-0.078836272	-0.031969579	0.031893747	-0.089184264	-0.076451667	-0.079278802	-0.077288616	-0.085704246	-0.08892139	1.03E-02	0.020467121	0.003196359	0.002115097	0.033361023	-1.37E-03	-2.10E-03	-0.001459012	0.000931688	1.106359601	-0.066058712	-0.061469732	0.063074279	-0.004634047	0.032053383	0.045762775	0.047507578	0.054000973	4.10E-02	-0.050438331	-0.050763191	0.048772756	0.050185354	-0.087699743	-0.050158697	0.044825254	-0.038037566	-0.052022289	-0.083058305	-0.042591806	4.06E-02	-0.037110932	0.017418475	-0.031045028	-0.050735887	-3.51E-02	7.57E-03	-6.71E-02	-0.044809829	-0.063091138	3.72E-02	-0.077441221	-0.058795349	-5.20E-02	-0.010097955	-0.051877193	-0.001023583	-0.082036417	0.039566112	-0.053403752	0.042355478	0.046106352	4.43E-02	5.99E-02	-2.33E-02	0.017725871	0.017222187	0.04366206	0.086137693	-0.065130614	0.034445133	0.061332581-0.05960614	-0.060323948	-0.067589882	0.042999456	-1.95E-02	0.032179622	0.011337056	-0.044049645	0.049571331	0.038722468	0.037069418	0.044778682	0.043502473	0.03780921	-2.36E-02	-0.025611964	-0.022329797	-0.019195701	-0.048097006	-2.12E-02	-2.03E-02	-0.018053549	-0.018510549	-0.066058712	1.192831755	0.079876353	-0.056023415	-0.019698637	-0.047114016	-0.052039688	-0.0508626	-0.057227512	-4.49E-02	0.01976776	0.03274229	-0.056674242	-0.055910937	0.037985887	0.02279494	-0.051367545	0.010271943	0.02253578	0.045026173	0.014625756	-4.38E-02	0.009114211	-0.028412028	0.00234941	0.019987743	5.95E-03	-2.50E-02	2.71E-02	0.013528889	0.02027404	-5.02E-02	0.036265634	0.028716293	1.24E-02	-0.010378708	0.013493041	-0.026089777	0.044599919	-0.04989007	0.02398414	-0.048466285	-0.049895148	-4.95E-02	-5.75E-02	-3.96E-03	-0.033133942	-0.033557232	-0.051268877	-0.06594654	0.023185189	-0.047683353	-0.05753786-0.05475468	-0.054462363	-0.061670096	0.039618465	-1.59E-02	0.034253859	0.010388808	-0.041918574	0.046149693	0.038101129	0.037307587	0.041781297	0.041118942	0.037666829	-2.11E-02	-0.021701557	-0.020754962	-0.018559721	-0.044898965	-1.84E-02	-1.81E-02	-0.015575713	-0.015953246	-0.061469732	0.079876353	1.115812063	-0.051769699	-0.016045759	-0.042672762	-0.04711077	-0.046425386	-0.053247456	-4.21E-02	0.018972387	0.036683993	-0.051969097	-0.051043984	0.037139128	0.022629547	-0.046138415	0.0104565	0.024092344	0.043315259	0.013844177	-4.04E-02	0.008809895	-0.026147562	0.003578539	0.0211522	8.23E-03	-2.29E-02	2.76E-02	0.01406889	0.021608348	-4.52E-02	0.0352588	0.027183986	1.08E-02	-0.010006502	0.013819244	-0.023745816	0.042763626	-0.046413339	0.020454153	-0.045035059	-0.046082887	-4.50E-02	-5.32E-02	-1.09E-03	-0.030842771	-0.030216968	-0.047614265	-0.061388544	0.025322814	-0.044404275	-0.0531431930.054964326	0.049248567	0.063947559	-0.065653426	1.02E-03	-0.068574583	-0.02575451	0.027452975	-0.07630067	-0.066705314	-0.068062069	-0.06560809	-0.073768594	-0.078306085	9.77E-03	0.018828006	0.004271671	0.004462689	0.029242883	4.00E-03	4.12E-04	0.001354205	0.002773391	0.063074279	-0.056023415	-0.051769699	1.074347854	-0.000609933	0.027967017	0.039160685	0.040501136	0.046326546	3.44E-02	-0.042777984	-0.042966445	0.043539186	0.044084121	-0.077881566	-0.042274679	0.039318797	-0.032112915	-0.042866973	-0.070610343	-0.034207677	3.46E-02	-0.030102344	0.015538261	-0.026048397	-0.042156778	-2.79E-02	8.30E-03	-5.73E-02	-0.037016774	-0.054561853	3.17E-02	-0.06686042	-0.04860698	-4.47E-02	-0.006621151	-0.044795344	0.004312148	-0.070257332	0.034273478	-0.04419198	0.036022966	0.038089392	3.73E-02	4.72E-02	-2.00E-02	0.016431474	0.016188676	0.036427568	0.060147475	-0.056066973	0.031577797	0.048532651-0.002289707	-0.009973856	-0.005967167	-0.022872305	-6.90E-04	-0.026132551	-0.009215768	-0.005318165	-0.024845418	-0.023157768	-0.023241625	-0.020097717	-0.025151766	-0.028055185	-3.12E-03	-0.001762873	-0.000551149	-0.001299575	-0.00735842	2.01E-03	1.22E-03	-0.001535167	-0.000708149	-0.004634047	-0.019698637	-0.016045759	-0.000609933	1.063647389	-0.003327094	-0.0043855	-0.003473701	-0.005786322	-2.14E-03	-0.017425456	-0.015924408	-0.006426927	-0.004570828	-0.027951587	-0.015184799	-0.003324776	-0.012856825	-0.014161684	-0.023664483	-0.013179621	-1.83E-03	-0.009572468	-0.002490995	-0.013378674	-0.016383792	-9.60E-03	2.33E-04	-2.14E-02	-0.012491749	-0.021893373	-6.45E-03	-0.024072177	-0.017714499	-1.78E-02	-0.007297432	-0.018814208	-0.004731808	-0.024025003	-0.006666386	-0.016307915	-0.004779655	-0.000929042	-1.63E-03	-9.21E-03	-1.35E-02	-0.003334948	-0.003310413	-0.006082969	-0.010971253	-0.021924765	-0.007216958	-0.0061372440.031028282	0.019505419	0.029589567	-0.051933964	-1.76E-03	-0.052445993	-0.023926247	0.009592436	-0.061467611	-0.053873578	-0.054546824	-0.052525359	-0.057075377	-0.058243829	1.28E-03	0.008162748	-0.001469041	-0.000650623	0.015815412	-2.91E-03	-2.59E-03	-0.004021411	-0.00306256	0.032053383	-0.047114016	-0.042672762	0.027967017	-0.003327094	1.064576149	0.020401984	0.023298524	0.025277615	1.88E-02	-0.036285735	-0.036597407	0.018402022	0.02084827	-0.060235188	-0.035875124	0.018363906	-0.026862292	-0.036749197	-0.056729029	-0.029760899	1.92E-02	-0.026525739	0.005350122	-0.02496006	-0.037453547	-2.49E-02	1.78E-03	-4.63E-02	-0.031961996	-0.044738404	3.32E-02	-0.053534532	-0.04107897	-3.74E-02	-0.008655536	-0.03761796	-0.002389329	-0.058203871	0.019634866	-0.038246756	0.016246538	0.022511862	2.03E-02	1.62E-02	-2.06E-02	0.003715204	0.00646765	0.018435765	0.023386742	-0.045289261	0.017114189	0.0220879490.041853089	0.031515824	0.045961741	-0.059417057	-1.94E-03	-0.060603646	-0.024376257	0.019074701	-0.0694185	-0.057758802	-0.06048034	-0.060125214	-0.065756087	-0.067589573	4.39E-03	0.013167903	-0.000277442	0.000622211	0.018649412	-2.15E-03	-3.28E-03	-0.001724341	-0.001557051	0.045762775	-0.052039688	-0.04711077	0.039160685	-0.0043855	0.020401984	1.0778898	0.037274941	0.035449709	2.44E-02	-0.041680219	-0.041063586	0.031622349	0.032098361	-0.067804281	-0.04070752	0.029117972	-0.031150436	-0.039806669	-0.063426159	-0.031982279	2.50E-02	-0.029105109	0.010017277	-0.026031011	-0.039602664	-2.71E-02	3.58E-03	-5.31E-02	-0.035226597	-0.050088337	2.56E-02	-0.058777588	-0.046071715	-4.14E-02	-0.009228665	-0.040188698	-0.002346702	-0.064507368	0.024371223	-0.041007152	0.023273849	0.028980968	3.01E-02	3.06E-02	-2.13E-02	0.011719704	0.008579245	0.02803794	0.040896824	-0.052746553	0.022903046	0.0343687570.041411884	0.033808895	0.047522182	-0.058715134	-8.45E-04	-0.060991013	-0.024319407	0.019973024	-0.068107833	-0.057951899	-0.059201886	-0.058808984	-0.064360396	-0.067381026	5.83E-03	0.013006835	0.001822814	0.001127886	0.02139942	4.74E-04	-9.32E-04	-0.000565151	0.000507154	0.047507578	-0.0508626	-0.046425386	0.040501136	-0.003473701	0.023298524	0.037274941	1.073009253	0.035426304	2.73E-02	-0.040477794	-0.039064054	0.036369894	0.033691029	-0.067883832	-0.038764232	0.031735189	-0.029790419	-0.040249382	-0.062922314	-0.032307262	2.76E-02	-0.027882364	0.010662784	-0.025544994	-0.039115395	-2.52E-02	4.62E-03	-5.18E-02	-0.035211308	-0.050158222	2.72E-02	-0.059211566	-0.045246851	-4.02E-02	-0.008561451	-0.040789291	-0.000247212	-0.063908482	0.026970798	-0.040186183	0.026287368	0.031905941	3.09E-02	3.21E-02	-1.89E-02	0.01144974	0.010174036	0.031279503	0.041162455	-0.051957089	0.021786522	0.0348724130.047623281	0.034608527	0.053875155	-0.067972185	-3.29E-03	-0.068806317	-0.028397657	0.019949285	-0.07762035	-0.06768868	-0.070039997	-0.067542334	-0.075293274	-0.077448871	3.34E-03	0.016124724	-0.000174343	0.001793397	0.020656214	-8.50E-04	-3.03E-03	-0.001040239	-0.000212007	0.054000973	-0.057227512	-0.053247456	0.046326546	-0.005786322	0.025277615	0.035449709	0.035426304	1.249166966	2.89E-02	-0.045413522	-0.044830336	0.036893552	0.03656925	-0.077590707	-0.043761266	0.032527614	-0.033993025	-0.044938705	-0.072407773	-0.037850004	2.88E-02	-0.032888784	0.012181283	-0.030688372	-0.044656655	-3.04E-02	4.80E-03	-5.94E-02	-0.039336393	-0.056811587	2.55E-02	-0.0679302	-0.051940947	-4.58E-02	-0.009729316	-0.046806291	-0.002677588	-0.072524855	0.027511644	-0.045956835	0.02922292	0.03558588	3.23E-02	3.23E-02	-2.46E-02	0.011751148	0.010228415	0.030375168	0.044200375	-0.057627323	0.023358414	0.0370232120.036346875	0.028146462	0.038960908	-0.053140874	4.83E-05	-0.056101565	-0.021294925	0.022808155	-0.061239627	-0.052568397	-0.055469844	-0.053056958	-0.059493054	-0.062577528	4.72E-03	0.013382343	0.003102628	0.001513041	0.023376981	1.71E-03	-1.55E-03	0.000879824	0.000856482	0.040998835	-0.044888751	-0.042065605	0.034431699	-0.002136703	0.018751782	0.024409723	0.027347878	0.028871044	1.09E+00	-0.036140126	-0.035274844	0.026492874	0.027769895	-0.062496375	-0.035468169	0.024965486	-0.026604765	-0.035325911	-0.056863919	-0.030227224	2.54E-02	-0.025544785	0.011290411	-0.024726843	-0.036500913	-2.39E-02	4.74E-03	-4.74E-02	-0.031475634	-0.045908096	2.30E-02	-0.053670819	-0.039962053	-3.81E-02	-0.006843111	-0.038102394	0.00013392	-0.058140297	0.021481876	-0.036417625	0.021993917	0.029932185	2.92E-02	2.59E-02	-1.88E-02	0.009830223	0.01071236	0.023758092	0.033616342	-0.046198727	0.019804579	0.028306093-0.045263815	-0.045936892	-0.052371401	0.029747851	-1.63E-02	0.022271402	0.005094643	-0.037467673	0.032751151	0.024480366	0.025247563	0.029892209	0.029041041	0.026224143	-2.03E-02	-0.020726782	-0.019552386	-0.017403608	-0.038688881	-1.71E-02	-1.75E-02	-0.014611464	-0.015507343	-0.050438331	0.01976776	0.018972387	-0.042777984	-0.017425456	-0.036285735	-0.041680219	-0.040477794	-0.045413522	-3.61E-02	1.080121517	0.015035655	-0.046076643	-0.042100141	0.025499151	0.020339671	-0.040228544	0.007358354	0.022514858	0.029289274	0.010028592	-3.53E-02	0.00421019	-0.024213244	0.010119149	0.051153207	2.06E-03	-2.07E-02	2.34E-02	0.011119935	0.019428521	-3.79E-02	0.025480848	0.02401543	1.38E-02	-0.00789503	0.013201361	-0.019574686	0.028652027	-0.039996016	0.015668825	-0.037850573	-0.039251904	-3.90E-02	-4.46E-02	7.80E-03	-0.028732691	-0.02648288	-0.040826798	-0.053982017	0.01975668	-0.03932997	-0.043831513-0.04625482	-0.04639686	-0.052626074	0.031005723	-1.46E-02	0.026335262	0.010181363	-0.036481768	0.038127699	0.031068697	0.029145336	0.033932711	0.034075537	0.030784645	-1.88E-02	-0.020299986	-0.019515931	-0.015638884	-0.041021847	-1.67E-02	-1.68E-02	-0.013618457	-0.014881089	-0.050763191	0.03274229	0.036683993	-0.042966445	-0.015924408	-0.036597407	-0.041063586	-0.039064054	-0.044830336	-3.53E-02	0.015035655	1.090291023	-0.044885235	-0.043632375	0.030415513	0.018839006	-0.039702456	0.007685627	0.017910716	0.032671242	0.009807529	-3.40E-02	0.00512213	-0.022477418	0.001457727	0.016097859	4.64E-03	-2.04E-02	2.10E-02	0.011496626	0.016106601	-4.01E-02	0.028983439	0.022304177	9.05E-03	-0.009964544	0.010255767	-0.020917023	0.032217217	-0.04087338	0.015752412	-0.037793503	-0.038407193	-3.84E-02	-4.59E-02	-2.41E-03	-0.025851765	-0.026689304	-0.040532486	-0.052371672	0.019288144	-0.038875249	-0.044836820.046487903	0.033214575	0.049219511	-0.065745649	-2.84E-03	-0.06710397	-0.028396602	0.018277957	-0.076866155	-0.065341093	-0.067001364	-0.066657015	-0.07295628	-0.07489504	1.96E-03	0.014632945	-0.000162202	0.001207389	0.017959371	-3.00E-03	-4.03E-03	-0.002080601	-0.001553583	0.048772756	-0.056674242	-0.051969097	0.043539186	-0.006426927	0.018402022	0.031622349	0.036369894	0.036893552	2.65E-02	-0.046076643	-0.044885235	1.216834426	0.03464596	-0.074319026	-0.043850802	0.031240907	-0.033330183	-0.045364236	-0.070153069	-0.036997397	2.90E-02	-0.032363935	0.012294443	-0.028931538	-0.044080096	-2.92E-02	4.61E-03	-5.77E-02	-0.039793049	-0.054977743	2.27E-02	-0.065443424	-0.050326028	-4.59E-02	-0.010785799	-0.045281615	-0.001467619	-0.069330379	0.025999077	-0.045642068	0.028113103	0.033518721	3.07E-02	2.84E-02	-2.38E-02	0.009699303	0.010689	0.032451842	0.040039149	-0.05465435	0.020696724	0.0348886430.045517101	0.035912564	0.050209943	-0.064736904	-1.68E-03	-0.064367259	-0.027006917	0.020550615	-0.074605438	-0.06435052	-0.066351404	-0.064378105	-0.071278876	-0.075083575	4.84E-03	0.014710429	0.000838145	0.000699588	0.019497485	-5.46E-04	-2.74E-03	-0.001199485	-0.000244035	0.050185354	-0.055910937	-0.051043984	0.044084121	-0.004570828	0.02084827	0.032098361	0.033691029	0.03656925	2.78E-02	-0.042100141	-0.043632375	0.03464596	1.153963089	-0.074401464	-0.042410489	0.034056909	-0.033019518	-0.043232304	-0.06818475	-0.035322617	2.86E-02	-0.031110815	0.01085286	-0.029354009	-0.043225677	-2.94E-02	5.00E-03	-5.58E-02	-0.0386107	-0.053765322	2.34E-02	-0.065355655	-0.049375712	-4.45E-02	-0.010177746	-0.044003755	-0.000798083	-0.06934976	0.044972935	-0.043208327	0.028337999	0.034020294	3.13E-02	3.38E-02	-2.26E-02	0.010790121	0.011944339	0.0340659	0.044113781	-0.054153037	0.022922227	0.037684934-0.08177086	-0.073760102	-0.089177345	0.066806402	-2.85E-02	0.068080515	0.01093976	-0.060400486	0.095347101	0.06424356	0.079541571	0.085348081	0.092074099	0.247694763	-3.56E-02	-0.038463834	-0.032471496	-0.030081201	-0.062160666	-3.07E-02	-2.76E-02	-0.024828978	-0.027199969	-0.087699743	0.037985887	0.037139128	-0.077881566	-0.027951587	-0.060235188	-0.067804281	-0.067883832	-0.077590707	-6.25E-02	0.025499151	0.030415513	-0.074319026	-0.074401464	1.167348266	0.028424772	-0.067832786	0.010843111	0.030219434	0.07869176	0.01488435	-6.09E-02	0.004454179	-0.042328079	-0.000712159	0.0237042	7.21E-03	-3.49E-02	3.69E-02	0.017659702	0.025619187	-6.22E-02	0.060050159	0.03679389	1.07E-02	-0.01661253	0.013642427	-0.036689349	0.057951997	-0.062968	0.026134777	-0.064304356	-0.06767702	-6.71E-02	-7.15E-02	-5.74E-03	-0.045458826	-0.046286303	-0.066612642	-0.083998675	0.026013259	-0.062932752	-0.074183827-0.046005472	-0.04726523	-0.05219739	0.032194194	-1.44E-02	0.023886069	0.006400745	-0.036283227	0.036287775	0.028816698	0.029932199	0.033115995	0.031315934	0.028727672	-2.02E-02	-0.02033284	-0.019554326	-0.017467553	-0.038319103	-1.68E-02	-1.66E-02	-0.012975169	-0.014710544	-0.050158697	0.02279494	0.022629547	-0.042274679	-0.015184799	-0.035875124	-0.04070752	-0.038764232	-0.043761266	-3.55E-02	0.020339671	0.018839006	-0.043850802	-0.042410489	0.028424772	1.080046296	-0.040060538	0.006011478	0.021332384	0.032439486	0.012191874	-3.38E-02	0.006768052	-0.023409381	0.004236454	0.019185013	6.04E-03	-1.96E-02	2.45E-02	0.012852908	0.022115646	-3.92E-02	0.028509187	0.02360008	1.31E-02	-0.008008936	0.012612805	-0.020645764	0.032533943	-0.03916077	0.018997912	-0.037991601	-0.038133589	-3.87E-02	-4.51E-02	9.66E-04	-0.025934886	-0.026504152	-0.040553514	-0.053145022	0.023067957	-0.038360382	-0.0428793320.041214994	0.03339552	0.043907865	-0.058022115	-2.68E-03	-0.059896416	-0.024531655	0.017694051	-0.068578018	-0.059225038	-0.059841218	-0.058368839	-0.064417947	-0.066596422	3.20E-03	0.011709459	0.000125153	0.001269552	0.019878346	-2.23E-03	-2.62E-03	-0.00102353	-0.001142763	0.044825254	-0.051367545	-0.046138415	0.039318797	-0.003324776	0.018363906	0.029117972	0.031735189	0.032527614	2.50E-02	-0.040228544	-0.039702456	0.031240907	0.034056909	-0.067832786	-0.040060538	1.068658114	-0.030951045	-0.040158469	-0.061993043	-0.033517818	2.45E-02	-0.027969851	0.01152181	-0.026426776	-0.039757671	-2.73E-02	3.05E-03	-5.10E-02	-0.035061541	-0.049285775	2.41E-02	-0.057568715	-0.044843075	-3.97E-02	-0.009760372	-0.041055456	-0.001674892	-0.063237772	0.023598348	-0.040737609	0.028777192	0.030220923	2.72E-02	3.05E-02	-2.07E-02	0.008743648	0.008148318	0.031569599	0.037944471	-0.050922863	0.016413427	0.033474783-0.033530065	-0.036961857	-0.039804741	0.015077173	-1.11E-02	0.008757312	0.004454758	-0.027001342	0.016785333	0.01115952	0.01139289	0.013440618	0.014207601	0.007652188	-1.45E-02	-0.015256374	-0.013218626	-0.011920572	-0.028904057	-1.24E-02	-1.10E-02	-0.009536362	-0.010326725	-0.038037566	0.010271943	0.0104565	-0.032112915	-0.012856826	-0.026862292	-0.031150436	-0.029790419	-0.033993026	-2.66E-02	0.007358354	0.007685627	-0.033330183	-0.033019518	0.010843111	0.006011478	-0.030951045	1.084025979	0.007525286	0.013863555	0.006727329	-2.47E-02	0.004715891	-0.017392104	-0.006256838	0.005286801	7.27E-03	-1.53E-02	5.60E-03	0.005970331	0.001953772	-2.94E-02	0.010891956	0.010178509	1.13E-03	-0.008622398	0.002108109	-0.01712321	0.012441401	-0.029901942	0.006200119	-0.028868337	-0.028523719	-2.85E-02	-3.61E-02	-6.70E-03	-0.021076289	-0.019596796	-0.031889104	-0.040740036	0.004600781	-0.028544899	-0.033598929-0.045860277	-0.048069523	-0.052559511	0.032601451	-1.41E-02	0.025398753	0.007043702	-0.035952055	0.03746271	0.029448896	0.029560395	0.032803185	0.033926051	0.028916767	-1.98E-02	-0.020159611	-0.018015515	-0.017414812	-0.03860573	-1.78E-02	-1.54E-02	-0.014283886	-0.014519456	-0.052022289	0.02253578	0.024092344	-0.042866973	-0.014161684	-0.036749197	-0.03980667	-0.040249382	-0.044938705	-3.53E-02	0.022514858	0.017910716	-0.045364236	-0.043232304	0.030219434	0.021332384	-0.040158469	0.007525286	1.078112364	0.032778396	0.010056932	-3.33E-02	0.005933716	-0.023756383	0.009086642	0.0220661	6.24E-03	-1.90E-02	2.59E-02	0.012081173	0.021496111	-3.96E-02	0.027697152	0.029235741	1.27E-02	-0.008361068	0.011483344	-0.021177201	0.034145824	-0.040870261	0.017604125	-0.038359827	-0.038719634	-3.88E-02	-4.68E-02	6.30E-03	-0.025952106	-0.027025174	-0.041074741	-0.053160037	0.023203021	-0.038559583	-0.044631339-0.074774818	-0.071792232	-0.084527689	0.068305169	-2.24E-02	0.077534793	0.013771197	-0.055256671	0.083344795	0.086963572	0.075294489	0.071504534	0.096959136	0.071951546	-2.99E-02	-0.031636349	-0.029423684	-0.026062045	-0.057907434	-2.59E-02	-2.26E-02	-0.01968665	-0.022148266	-0.083058305	0.045026173	0.043315259	-0.070610343	-0.023664483	-0.056729029	-0.063426159	-0.062922314	-0.072407773	-5.69E-02	0.029289274	0.032671242	-0.070153069	-0.06818475	0.07869176	0.032439486	-0.061993043	0.013863555	0.032778396	1.187555075	0.020408594	-5.56E-02	0.011105082	-0.035854644	0.006038506	0.028483071	1.04E-02	-3.02E-02	4.15E-02	0.019245867	0.032914275	-5.83E-02	0.081554748	0.040469175	1.99E-02	-0.011145862	0.022590674	-0.032083989	0.068073083	-0.062463515	0.031341359	-0.059663094	-0.061407876	-6.08E-02	-7.04E-02	-1.72E-04	-0.041219861	-0.041406528	-0.063643838	-0.083097712	0.036831253	-0.058674509	-0.069280942-0.036859196	-0.040310185	-0.043532587	0.020057668	-1.21E-02	0.010731912	0.004311944	-0.029307704	0.022328373	0.017345	0.017100077	0.020199722	0.018103975	0.016929356	-1.62E-02	-0.016815463	-0.014458029	-0.012827443	-0.030215114	-1.41E-02	-1.26E-02	-0.011212353	-0.012463717	-0.042591806	0.014625756	0.013844177	-0.034207677	-0.013179621	-0.029760899	-0.031982279	-0.032307263	-0.037850004	-3.02E-02	0.010028592	0.009807529	-0.036997397	-0.035322617	0.01488435	0.012191874	-0.033517818	0.006727329	0.010056932	0.020408594	1.073169231	-2.64E-02	0.010201088	-0.018469582	-0.004876638	0.00832987	4.27E-03	-1.61E-02	1.27E-02	0.009109954	0.009494403	-3.20E-02	0.016465351	0.014360864	4.89E-03	-0.008253418	0.005077508	-0.018275442	0.01807253	-0.031746741	0.011610194	-0.031935486	-0.030948373	-3.11E-02	-3.94E-02	-5.54E-03	-0.020903189	-0.022074237	-0.03477391	-0.044670071	0.010257731	-0