0	90035.61	76418.3	140315	574150.2	791174.4	609039.9	609039.9	164829.3	279333.4	775450.3	854725.4	854725.4	1005273.6	1005273.6	1085138.7	1212402.87	1207575.9	1131638.77	1146739.83	1357096.96	1357096.96	1331008.4	1353154.38	1353154.38	1711937	1102710.6	1166463.5	1482695.1	508463.4	600602.3	600602.3	909692.8	1452079.6	2095081.7	2374178	2399140	2553300.26	543237.6	470751.74	496289.45	299557.8	558151.73	610453.03	594524.53	594524.53	567434.28	6.52E+05	6.52E+05	6.51E+05	6.51E+05	6.51E+05	361227.04	361227.04	361227.04	361227.04	357542.5093	358187.3022	357542.5093	361227.04	920288.22	919505.384	814626.67	774126.687	918759.436	925692.82	766630.186	226570.84	361227.04	361227.04	361227.04	609327.66	2416849.8	2582152.4	2582152.4	2606756.2490035.61	0	17202.43	194457.27	582576.4	795836.5	616344.3	616344.3	205325	342025.4	833790.5	784701.7	784701.7	1014887.9	1014887.9	1061226.5	1181769.9	1176089.94	1099205.85	1114009.39	1327019.33	1327019.33	1300512.21	1321049.72	1321049.72	1621904	1053266.6	1124106.7	1394597.9	515099.5	546986.6	546986.6	836785.8	1412845.9	2054877	2332559.5	2354032.8	2529613.13	622274.3	545905.62	570538.53	373657.5	471654.87	524411.72	505487.33	505487.33	479495.04	5.80E+05	5.80E+05	5.80E+05	5.80E+05	5.80E+05	449490.58	449490.58	449490.58	449490.58	445833.2585	446498.2782	445833.2585	449490.58	895477.3	896518.887	790356.84	752207.173	895604.129	895678.79	744673.53	284138.59	449490.58	449490.58	449490.58	524738.05	2401005.4	2540610.9	2540610.9	2580708.9376418.3	17202.43	0	177407.97	570767.5	804051.9	623903.7	623903.7	204702.9	337793.4	831393	801786.5	801786.5	1022421.2	1022421.2	1055157.8	1177054.34	1171541.91	1094814.55	1109684.82	1322246.14	1322246.14	1295813.09	1316677.91	1316677.91	1636236.6	1068942.1	1139074.9	1410573.1	522588	546858.2	546858.2	842296.6	1409972.8	2052331.7	2330349.5	2352588.3	2523818.91	614052.2	528735.58	553351.36	356492.8	482493.55	535010.23	518111.13	518111.13	491242.8	5.85E+05	5.85E+05	5.85E+05	5.85E+05	5.85E+05	433830.253	433830.253	433830.253	433830.253	430184.7226	430856.9162	430184.7226	433830.253	889479.58	890178.408	784173.04	745547.41	889294.576	890689.31	738013.088	267145.76	433830.253	433830.253	433830.253	534589.2	2393769.7	2538403.9	2538403.9	2575365.9140315	194457.27	177407.97	0	447669.9	921879	739571.9	739571.9	289664.2	368069.8	851772.3	979152.3	979152.3	1132104.3	1132104.3	983603.6	1118005.04	1114294.63	1040181.42	1055542.15	1261085.89	1261085.89	1235666.67	1259709.15	1259709.15	1773069.3	1240342.4	1305935.1	1567160.6	640308.9	552257.8	552257.8	893829.5	1367610.2	2009539.2	2289976.1	2319968.9	2446637.65	578361.3	356721.56	380256.78	186512	595434.77	643977.7	646265.26	646265.26	612126.93	6.38E+05	6.38E+05	6.38E+05	6.38E+05	6.38E+05	300763.083	300763.083	300763.083	300763.083	297556.8467	298333.4846	297556.8467	300763.083	821460.93	818524.602	716606.85	673949.772	817985.269	833271.47	666627.133	89858.13	300763.083	300763.083	300763.083	636646.16	2302519.8	2497446.3	2497446.3	2502584.95574150.2	582576.45	570767.45	447669.92	0	1365302.9	1183104.7	1183104.7	734978.8	811009.8	1274344.2	1289352.5	1289352.5	1578278.1	1578278.1	570886.3	718033.15	717270.26	651149.05	666464.37	853190.87	853190.87	829912.93	857764.71	857764.71	1816163.3	1609355.2	1691122.5	1700016.8	1082613.1	411570.3	411570.3	762777.6	984522.4	1613156.4	1893930	1934357.2	2011243.86	966950.4	473051.76	472359.83	444315.1	697732.72	721710.71	774305.42	774305.42	729773.02	5.78E+05	5.78E+05	5.78E+05	5.78E+05	5.78E+05	601655.826	601655.826	601655.826	601655.826	600782.5022	601461.2615	600782.5022	601655.826	425278.05	416131.838	334542.47	290790.162	416244.171	455974.58	285407.338	396077.95	601655.826	601655.826	601655.826	698818.77	1859055.5	2098936.7	2098936.7	2070389.39791174.39	795836.51	804051.93	921878.99	1365302.9	0	182343.5	182343.5	632218.2	596658.1	511445.1	731291.7	731291.7	222368.5	222368.5	1853744.8	1967656.7	1960993.51	1883511.24	1897818.47	2112712.38	2112712.38	2085845.19	2104188.35	2104188.35	1873215.1	640748.2	618297.9	1527379.5	282774.9	1307781.4	1307781.4	1501634.2	2183298.1	2818027.1	3090365	3101621.9	3319257.22	695075.8	1136120.82	1161902.12	1008433.4	1075801.1	1120790.68	1049814.92	1049814.92	1057970.94	1.28E+06	1.28E+06	1.28E+06	1.28E+06	1.28E+06	940340.269	940340.269	940340.269	940340.269	937802.3424	937778.4087	937802.3424	940340.269	1688089.15	1690145.006	1583754.17	1546787.115	1689147.598	1684262.83	1539264.701	991911	940340.269	940340.269	940340.269	1139143.24	3196044.6	3297457.8	3297457.8	3367650.94609039.86	616344.34	623903.66	739571.88	1183104.7	182343.5	0	0	449924.7	422478.8	470952.1	692681.3	692681.3	398551.7	398551.7	1676484.9	1793037.07	1786699.89	1709342.92	1723823.72	1938263.92	1938263.92	1911503.02	1930596.62	1930596.62	1814899.9	703673.2	711213.7	1488352	101322.9	1137874.3	1137874.3	1351839	2013611.1	2651142	2925268.5	2939405.7	3143648.11	567428.7	963332	989480.25	830085.3	927501.61	975286.57	910052.6	910052.6	913043.51	1.12E+06	1.12E+06	1.12E+06	1.12E+06	1.12E+06	771034.555	771034.555	771034.555	771034.555	768288.0735	768327.7212	768288.0735	771034.555	1510722.84	1512284.82	1405973.9	1368349.572	1511330.152	1508476.82	1360818.602	810228.59	771034.555	771034.555	771034.555	991281.84	3017342.8	3132812.1	3132812.1	3193199.07609039.86	616344.34	623903.66	739571.88	1183104.7	182343.5	0	0	449924.7	422478.8	470952.1	692681.3	692681.3	398551.7	398551.7	1676484.9	1793037.07	1786699.89	1709342.92	1723823.72	1938263.92	1938263.92	1911503.02	1930596.62	1930596.62	1814899.9	703673.2	711213.7	1488352	101322.9	1137874.3	1137874.3	1351839	2013611.1	2651142	2925268.5	2939405.7	3143648.11	567428.7	963332	989480.25	830085.3	927501.61	975286.57	910052.6	910052.6	913043.51	1.12E+06	1.12E+06	1.12E+06	1.12E+06	1.12E+06	771034.555	771034.555	771034.555	771034.555	768288.0735	768327.7212	768288.0735	771034.555	1510722.84	1512284.82	1405973.9	1368349.572	1511330.152	1508476.82	1360818.602	810228.59	771034.555	771034.555	771034.555	991281.84	3017342.8	3132812.1	3132812.1	3193199.07164829.34	205325.05	204702.87	289664.2	734978.8	632218.2	449924.7	449924.7	0	146100.5	629168.2	802964	802964	843316.8	843316.8	1249569.8	1375646.82	1370596.64	1294354.66	1309377.64	1520536.07	1520536.07	1494337.16	1516071.41	1516071.41	1756172.9	1001484.6	1052796.5	1496974	351026.9	751546.5	751546.5	1037432.3	1612495.3	2255239.4	2533703.6	2556762.3	2717948.72	444232.9	555991.35	582767.21	399876.9	652369.41	705764.77	672089.5	672089.5	653846.78	7.83E+05	7.82E+05	7.82E+05	7.82E+05	7.82E+05	395195.614	395195.614	395195.614	395195.614	391626.282	392011.907	391626.282	395195.614	1084523.9	1083978.149	978872.97	938637.93	1083212.438	1088912.29	931132.783	362524.28	395195.614	395195.614	395195.614	710397.04	2581557	2741745.3	2741745.3	2771147.68279333.35	342025.42	337793.4	368069.77	811009.8	596658.1	422478.8	422478.8	146100.5	0	496117.4	902707.6	902707.6	789964	789964	1350777.8	1482945.35	1478749.59	1403703	1418954.84	1626785.68	1626785.68	1601091.67	1624367.97	1624367.97	1894358.5	1055552.7	1091852.7	1625428	338572	879789.8	879789.8	1178581.7	1727535.6	2370465.2	2650151.5	2676663.7	2814705.97	300775.4	540861.66	567002.06	414491.2	798279.89	851678.94	817985.85	817985.85	799946.68	9.22E+05	9.22E+05	9.22E+05	9.22E+05	9.22E+05	350417.989	350417.989	350417.989	350417.989	347491.644	347589.9517	347491.644	350417.989	1187691.15	1185392.124	1082383.44	1040356.85	1184795.871	1196948.65	1032965.484	417229.39	350417.989	350417.989	350417.989	855945.96	2669218	2857995.9	2857995.9	2870561.55775450.27	833790.48	831393.04	851772.29	1274344.2	511445.1	470952.1	470952.1	629168.2	496117.4	0	1161436.8	1161436.8	567876.2	567876.2	1832290.4	1969230	1965749.94	1891901.96	1907274.37	2111645.38	2111645.38	2086487.05	2111007.15	2111007.15	2266896.5	1147580	1129727.7	1952422.9	494107.9	1375811.6	1375811.6	1664761.2	2218974.7	2861230.3	3141549.5	3170205.6	3285500.45	333411.3	895249.11	915351.65	837454.6	1265246.42	1317909.27	1270743.48	1270743.48	1260827.28	1.41E+06	1.41E+06	1.41E+06	1.41E+06	1.41E+06	701986.245	701986.245	701986.245	701986.245	701308.675	700858.2463	701308.675	701986.245	1671974.73	1668183.925	1567667.39	1524528.828	1667740.415	1685012.32	1517291.343	881016.17	701986.245	701986.245	701986.245	1326480.61	3127759.3	3349108.7	3349108.7	3344627.36854725.37	784701.66	801786.48	979152.26	1289352.5	731291.7	692681.3	692681.3	802964	902707.6	1161436.8	0	0	889135.5	889135.5	1586163.4	1653318.58	1643005.63	1569978.82	1580973.86	1786294.43	1786294.43	1759804.18	1767781.07	1767781.07	1142610.6	387533	504015.9	798871.5	674548.1	1017082.6	1017082.6	1026652.7	1800226	2383441.3	2634036.2	2623925.3	2961086	1172428.3	1325454.08	1351011.63	1154117	671510.01	686846.27	602459.21	602459.21	638255.59	9.00E+05	9.00E+05	9.00E+05	9.00E+05	9.00E+05	1193184.667	1193184.667	1193184.667	1193184.667	1189507.347	1189981.797	1189507.347	1193184.667	1437913.46	1447973.099	1352177.01	1331335.74	1446351.354	1410653.74	1324927.758	1068724.97	1193184.667	1193184.667	1193184.667	714901.38	2889000.8	2833045.7	2833045.7	2993671.72854725.37	784701.66	801786.48	979152.26	1289352.5	731291.7	692681.3	692681.3	802964	902707.6	1161436.8	0	0	889135.5	889135.5	1586163.4	1653318.58	1643005.63	1569978.82	1580973.86	1786294.43	1786294.43	1759804.18	1767781.07	1767781.07	1142610.6	387533	504015.9	798871.5	674548.1	1017082.6	1017082.6	1026652.7	1800226	2383441.3	2634036.2	2623925.3	2961086	1172428.3	1325454.08	1351011.63	1154117	671510.01	686846.27	602459.21	602459.21	638255.59	9.00E+05	9.00E+05	9.00E+05	9.00E+05	9.00E+05	1193184.667	1193184.667	1193184.667	1193184.667	1189507.347	1189981.797	1189507.347	1193184.667	1437913.46	1447973.099	1352177.01	1331335.74	1446351.354	1410653.74	1324927.758	1068724.97	1193184.667	1193184.667	1193184.667	714901.38	2889000.8	2833045.7	2833045.7	2993671.721005273.64	1014887.87	1022421.19	1132104.32	1578278.1	222368.5	398551.7	398551.7	843316.8	789964	567876.2	889135.5	889135.5	0	0	2074535.6	2189502.31	2182920.2	2105460.98	2119807.85	2334612.27	2334612.27	2307769.25	2326272.38	2326272.38	2026825	704640	644004.6	1666980.2	499843.6	1530147	1530147	1719283.3	2405658.9	3040123.5	3312136.9	3322713.9	3540863.34	828692.1	1319973.13	1344873.91	1204436.7	1293744.38	1337571.83	1264534.08	1264534.08	1274729.69	1.50E+06	1.50E+06	1.50E+06	1.50E+06	1.50E+06	1120276.274	1120276.274	1120276.274	1120276.274	1118106.336	1117980.679	1118106.336	1120276.274	1908806.5	1910561.023	1804213.14	1766786.109	1909591.276	1905713.4	1759256.714	1197745.44	1120276.274	1120276.274	1120276.274	1356761.81	3415866.8	3519119.1	3519119.1	3589602.181005273.64	1014887.87	1022421.19	1132104.32	1578278.1	222368.5	398551.7	398551.7	843316.8	789964	567876.2	889135.5	889135.5	0	0	2074535.6	2189502.31	2182920.2	2105460.98	2119807.85	2334612.27	2334612.27	2307769.25	2326272.38	2326272.38	2026825	704640	644004.6	1666980.2	499843.6	1530147	1530147	1719283.3	2405658.9	3040123.5	3312136.9	3322713.9	3540863.34	828692.1	1319973.13	1344873.91	1204436.7	1293744.38	1337571.83	1264534.08	1264534.08	1274729.69	1.50E+06	1.50E+06	1.50E+06	1.50E+06	1.50E+06	1120276.274	1120276.274	1120276.274	1120276.274	1118106.336	1117980.679	1118106.336	1120276.274	1908806.5	1910561.023	1804213.14	1766786.109	1909591.276	1905713.4	1759256.714	1197745.44	1120276.274	1120276.274	1120276.274	1356761.81	3415866.8	3519119.1	3519119.1	3589602.181085138.7	1061226.54	1055157.8	983603.58	570886.3	1853744.8	1676484.9	1676484.9	1249569.8	1350777.8	1832290.4	1586163.4	1586163.4	2074535.6	2074535.6	0	152227.84	154891.91	116434.07	126745.58	282349.76	282349.76	259105.28	287653.15	287653.15	1726175.4	1956467.2	2057856.7	1735224.4	1575535.4	576631.7	576631.7	669226.8	423567.8	1042354.7	1323062.3	1364822.5	1468799.49	1534368.7	1034807.64	1029819.62	1013759.3	914673.52	903281.73	985680.48	985680.48	948142.7	6.90E+05	6.90E+05	6.90E+05	6.90E+05	6.90E+05	1172448.29	1172448.29	1172448.29	1172448.29	1171524.957	1172210.05	1171524.957	1172448.29	165774.42	165663.259	271016.02	311063.017	166383.612	177050.69	318543.368	952340.56	1172448.29	1172448.29	1172448.29	874739.03	1344222.8	1528100.1	1528100.1	1521617.751212402.87	1181769.9	1177054.34	1118005.04	718033.2	1967656.7	1793037.1	1793037.1	1375646.8	1482945.3	1969230	1653318.6	1653318.6	2189502.3	2189502.3	152227.8	0	13087.05	85320.16	72698.73	145288.33	145288.33	118759.5	141798.49	141798.49	1688555.4	2031226.9	2136778.5	1731436	1692770.4	668324.1	668324.1	680477.2	271343.4	896545.7	1177578.1	1216329	1351991.03	1676723.3	1185107.28	1180655.37	1158450.3	985332.43	966481.28	1051071.02	1051071.02	1017186.58	7.55E+05	7.55E+05	7.55E+05	7.55E+05	7.55E+05	1318465.497	1318465.497	1318465.497	1318465.497	1317416.431	1318115.63	1317416.431	1318465.497	297920.75	303700.023	401563.91	444921.013	303875.888	286739.49	452086.953	1092191.8	1318465.497	1318465.497	1318465.497	938503.66	1245384.2	1383720	1383720	1400182.551207575.9	1176089.94	1171541.91	1114294.63	717270.3	1960993.5	1786699.9	1786699.9	1370596.6	1478749.6	1965749.9	1643005.6	1643005.6	2182920.2	2182920.2	154891.9	13087.05	0	77542.59	63825.76	151758.16	151758.16	124851.69	145642.67	145642.67	1675481.2	2021305.1	2127111.8	1718564.4	1686533	660305.9	660305.9	668193.6	269637.6	898615.2	1179654.5	1217340.5	1359073.48	1674390.4	1185364.3	1181206.5	1156799.6	975488	956205.33	1040869.31	1040869.31	1007222.34	7.45E+05	7.45E+05	7.45E+05	7.45E+05	7.45E+05	1317131.734	1317131.734	1317131.734	1317131.734	1316047.167	1316750.2	1316047.167	1317131.734	295463.15	302018.175	398272.98	441935.215	302111.067	281959.03	449031.885	1089477.61	1317131.734	1317131.734	1317131.734	928279.38	1254303.4	1386071.8	1386071.8	1406682.271131638.77	1099205.85	1094814.55	1040181.42	651149	1883511.2	1709342.9	1709342.9	1294354.7	1403703	1891902	1569978.8	1569978.8	2105461	2105461	116434.1	85320.16	77542.59	0	15477.81	229294.9	229294.9	202358.07	221863.4	221863.4	1637921.4	1947083.9	2052247.4	1666505.7	1609228.7	583055.2	583055.2	608019.4	333639.4	970386.6	1251283	1286358.6	1436614.87	1603079	1121988.87	1118883.86	1087464.7	901148.02	883166.97	967565.76	967565.76	933207.1	6.71E+05	6.71E+05	6.71E+05	6.71E+05	6.71E+05	1248590.962	1248590.962	1248590.962	1248590.962	1247405.667	1248119.237	1247405.667	1248590.962	226180.1	235186.837	325937.28	370185.792	234995.028	206924.32	377083.371	1017475.58	1248590.962	1248590.962	1248590.962	855077.5	1330618	1458229	1458229	1484145.751146739.83	1114009.39	1109684.82	1055542.15	666464.4	1897818.5	1723823.7	1723823.7	1309377.6	1418954.8	1907274.4	1580973.9	1580973.9	2119807.9	2119807.9	126745.6	72698.73	63825.76	15477.81	0	215276.16	215276.16	188258.57	207049.85	207049.85	1638802.7	1958618.9	2064094.3	1670939.1	1623761.1	596494.9	596494.9	614436.8	318238.9	954937.3	1235826.3	1270886.2	1422616.96	1618553.6	1137161.19	1133979.35	1102925.9	912704.14	894127.78	978649.96	978649.96	944611.32	6.82E+05	6.82E+05	6.82E+05	6.82E+05	6.82E+05	1264033.834	1264033.834	1264033.834	1264033.834	1262851.418	1263564.698	1262851.418	1264033.834	241578.93	250437.368	341410.85	385663.308	250266.135	222271.96	392559.644	1032941.75	1264033.834	1264033.834	1264033.834	866106.87	1317927.1	1442787.3	1442787.3	1469836.761357096.96	1327019.33	1322246.14	1261085.89	853190.9	2112712.4	1938263.9	1938263.9	1520536.1	1626785.7	2111645.4	1786294.4	1786294.4	2334612.3	2334612.3	282349.8	145288.33	151758.16	229294.9	215276.16	0	0	27105.28	32280.54	32280.54	1754512.8	2166589.4	2273563	1823977.6	1838027.1	811487.3	811487.3	793516.8	176530.6	760365.9	1040890	1084372.5	1207352.33	1816199	1314899.37	1309031.41	1296038.5	1121664.3	1100262.35	1185231.73	1185231.73	1152818.95	8.90E+05	8.90E+05	8.90E+05	8.90E+05	8.90E+05	1454789.13	1454789.13	1454789.13	1454789.13	1453870.948	1454555.562	1453870.948	1454789.13	439711.2	443712.179	544537.74	587218.212	444089.252	431694.59	594504.104	1233034.97	1454789.13	1454789.13	1454789.13	1072653.74	1105929.2	1245757.5	1245757.5	1255007.211357096.96	1327019.33	1322246.14	1261085.89	853190.9	2112712.4	1938263.9	1938263.9	1520536.1	1626785.7	2111645.4	1786294.4	1786294.4	2334612.3	2334612.3	282349.8	145288.33	151758.16	229294.9	215276.16	0	0	27105.28	32280.54	32280.54	1754512.8	2166589.4	2273563	1823977.6	1838027.1	811487.3	811487.3	793516.8	176530.6	760365.9	1040890	1084372.5	1207352.33	1816199	1314899.37	1309031.41	1296038.5	1121664.3	1100262.35	1185231.73	1185231.73	1152818.95	8.90E+05	8.90E+05	8.90E+05	8.90E+05	8.90E+05	1454789.13	1454789.13	1454789.13	1454789.13	1453870.948	1454555.562	1453870.948	1454789.13	439711.2	443712.179	544537.74	587218.212	444089.252	431694.59	594504.104	1233034.97	1454789.13	1454789.13	1454789.13	1072653.74	1105929.2	1245757.5	1245757.5	1255007.211331008.4	1300512.21	1295813.09	1235666.67	829912.9	2085845.2	1911503	1911503	1494337.2	1601091.7	2086487.1	1759804.2	1759804.2	2307769.3	2307769.3	259105.3	118759.5	124851.69	202358.07	188258.57	27105.28	27105.28	0	32944.75	32944.75	1737296.2	2139895.3	2246752.7	1802697.5	1811301.8	784395.7	784395.7	768999.9	184932.6	783261.4	1064021.7	1106148.1	1234358.57	1791940.8	1293053.26	1287514.89	1272254.3	1094844.63	1073645.56	1158591.65	1158591.65	1126055.19	8.64E+05	8.64E+05	8.64E+05	8.64E+05	8.64E+05	1431359.399	1431359.399	1431359.399	1431359.399	1430406.953	1431095.464	1430406.953	1431359.399	414523.71	418981.226	519060.44	561962.721	419309.404	405429.11	569214.987	1208332.89	1431359.399	1431359.399	1431359.399	1046002.31	1132858.1	1269311.1	1269311.1	1281834.411353154.38	1321049.72	1316677.91	1259709.15	857764.7	2104188.4	1930596.6	1930596.6	1516071.4	1624368	2111007.2	1767781.1	1767781.1	2326272.4	2326272.4	287653.2	141798.49	145642.67	221863.4	207049.85	32280.54	32280.54	32944.75	0	0	1723584.6	2149075.2	2256768.2	1795732.1	1830624.3	800225.6	800225.6	769792.1	152072.6	755632.8	1036589.9	1077181.7	1217878.42	1818188.4	1322354.14	1317114.81	1299303.5	1105138.99	1082523.56	1167587.75	1167587.75	1135908.53	8.74E+05	8.74E+05	8.74E+05	8.74E+05	8.74E+05	1458873.747	1458873.747	1458873.747	1458873.747	1457875.755	1458569.383	1457875.755	1458873.747	439627.07	444975.099	543349.54	586714.318	445212.949	427595.83	593884.288	1233891.79	1458873.747	1458873.747	1458873.747	1055110.66	1122360.6	1242403.4	1242403.4	1263725.491353154.38	1321049.72	1316677.91	1259709.15	857764.7	2104188.4	1930596.6	1930596.6	1516071.4	1624368	2111007.2	1767781.1	1767781.1	2326272.4	2326272.4	287653.2	141798.49	145642.67	221863.4	207049.85	32280.54	32280.54	32944.75	0	0	1723584.6	2149075.2	2256768.2	1795732.1	1830624.3	800225.6	800225.6	769792.1	152072.6	755632.8	1036589.9	1077181.7	1217878.42	1818188.4	1322354.14	1317114.81	1299303.5	1105138.99	1082523.56	1167587.75	1167587.75	1135908.53	8.74E+05	8.74E+05	8.74E+05	8.74E+05	8.74E+05	1458873.747	1458873.747	1458873.747	1458873.747	1457875.755	1458569.383	1457875.755	1458873.747	439627.07	444975.099	543349.54	586714.318	445212.949	427595.83	593884.288	1233891.79	1458873.747	1458873.747	1458873.747	1055110.66	1122360.6	1242403.4	1242403.4	1263725.491711937.01	1621903.97	1636236.61	1773069.33	1816163.3	1873215.1	1814899.9	1814899.9	1756172.9	1894358.5	2266896.5	1142610.6	1142610.6	2026825	2026825	1726175.4	1688555.37	1675481.21	1637921.36	1638802.68	1754512.75	1754512.75	1737296.18	1723584.65	1723584.65	0	1387357.4	1497995.6	382215.6	1773569.5	1405033.3	1405033.3	1090834	1655942	1990193.8	2154269.8	2100027.5	2632383.68	2194163.6	2110972.83	2129436.9	1954169.7	1182200.47	1138507.56	1126818.15	1126818.15	1162148.36	1.24E+06	1.24E+06	1.24E+06	1.24E+06	1.24E+06	2066274.963	2066274.963	2066274.963	2066274.963	2062743.203	2063461.249	2062743.203	2066274.963	1664750.89	1683078.422	1644778.53	1657036.443	1681161.157	1612060.71	1655137.538	1841453.08	2066274.963	2066274.963	2066274.963	1152340.65	2663834.8	2309955.8	2309955.8	2631093.441102710.57	1053266.59	1068942.1	1240342.4	1609355.2	640748.2	703673.2	703673.2	1001484.6	1055552.7	1147580	387533	387533	704640	704640	1956467.2	2031226.91	2021305.08	1947083.88	1958618.88	2166589.37	2166589.37	2139895.26	2149075.24	2149075.24	1387357.4	0	121529.5	1009748.1	740972.9	1381504.1	1381504.1	1413937.1	2185699.9	2770908.3	3020687.9	3009294.9	3347249.86	1265417.7	1556401.63	1583092.33	1393654.7	1045936.76	1066556.29	981487.87	981487.87	1014090.79	1.28E+06	1.28E+06	1.28E+06	1.28E+06	1.28E+06	1392036.489	1392036.489	1392036.489	1392036.489	1388633.738	1388925.787	1388633.738	1392036.489	1803186.75	1811886.895	1712357.02	1687723.2	1810359.357	1779753.17	1680941.532	1328866.77	1392036.489	1392036.489	1392036.489	1093995.89	3271268.7	3219032	3219032	3380554.081166463.51	1124106.71	1139074.95	1305935.09	1691122.5	618297.9	711213.7	711213.7	1052796.5	1091852.7	1129727.7	504015.9	504015.9	644004.6	644004.6	2057856.7	2136778.51	2127111.78	2052247.4	2064094.29	2273562.99	2273562.99	2246752.74	2256768.18	2256768.18	1497995.6	121529.5	0	1118203.1	763555.1	1481588.1	1481588.1	1528206	2296951.8	2886733.7	3138042.8	3127690.4	3458994.25	1278591.2	1608618.34	1635408.99	1450429.4	1151910.36	1175053.08	1089952.07	1089952.07	1120863.66	1.38E+06	1.38E+06	1.38E+06	1.38E+06	1.38E+06	1436015.414	1436015.414	1436015.414	1436015.414	1432745.874	1432976.731	1432745.874	1436015.414	1902394.96	1910435.885	1809468.26	1783257.315	1908955.939	1880866.08	1776337.871	1392973.12	1436015.414	1436015.414	1436015.414	1202067.4	3379119.2	3337003.7	3337003.7	3493423.291482695.15	1394597.86	1410573.06	1567160.57	1700016.8	1527379.5	1488352	1488352	1496974	1625428	1952422.9	798871.5	798871.5	1666980.2	1666980.2	1735224.4	1731435.95	1718564.38	1666505.67	1670939.14	1823977.57	1823977.57	1802697.5	1795732.08	1795732.08	382215.6	1009748.1	1118203.1	0	1459316.3	1305264.7	1305264.7	1066447.7	1759111.1	2190367	2386254.6	2344677.5	2826404.93	1918690.7	1920126.84	1941562.92	1753394.3	1012647.53	981008.58	942594.81	942594.81	984754.63	1.14E+06	1.14E+06	1.14E+06	1.14E+06	1.14E+06	1843861.841	1843861.841	1843861.841	1843861.841	1840186.249	1840837.944	1840186.249	1843861.841	1640436.7	1657100.157	1596796.8	1598665.607	1655164.084	1592977.42	1595119.502	1645474.93	1843861.841	1843861.841	1843861.841	1002227.67	2825670.1	2558470.2	2558470.2	2835685.7508463.38	515099.48	522588.02	640308.93	1082613.1	282774.9	101322.9	101322.9	351026.9	338572	494107.9	674548.1	674548.1	499843.6	499843.6	1575535.4	1692770.42	1686532.99	1609228.65	1623761.1	1838027.08	1838027.08	1811301.83	1830624.26	1830624.26	1773569.5	740972.9	763555.1	1459316.3	0	1039567.8	1039567.8	1262725.3	1914969.5	2553405	2828166.6	2843448.6	3043004.88	526285.8	876804.53	903243.91	737670.9	840527.79	889628.89	827989.45	827989.45	828030.32	1.03E+06	1.03E+06	1.03E+06	1.03E+06	1.03E+06	688979.484	688979.484	688979.484	688979.484	686036.9615	686141.73	686036.9615	688979.484	1409764.57	1411222.727	1304936.93	1267191.519	1410276.623	1407918.35	1259659.605	712776.39	688979.484	688979.484	688979.484	904256.66	2916104.2	3035847.5	3035847.5	3092857.43600602.28	546986.57	546858.23	552257.77	411570.3	1307781.4	1137874.3	1137874.3	751546.5	879789.8	1375811.6	1017082.6	1017082.6	1530147	1530147	576631.7	668324.08	660305.92	583055.24	596494.85	811487.32	811487.32	784395.67	800225.61	800225.61	1405033.3	1381504.1	1481588.1	1305264.7	1039567.8	0	0	368873.8	875835.6	1514048.2	1789777.2	1808506.9	2018092.33	1127953.2	786587.75	797089.69	674865.4	351746.12	354590.69	428338.71	428338.71	386403.96	1.70E+05	1.70E+05	1.70E+05	1.70E+05	1.70E+05	830827.806	830827.806	830827.806	830827.806	828352.0766	829150.3236	828352.0766	830827.806	421830.45	431169.772	335946.21	319570.357	429582.078	399584.63	313905.394	570726.88	830827.806	830827.806	830827.806	327047.1	1912346	1997686	1997686	2063283.25600602.28	546986.57	546858.23	552257.77	411570.3	1307781.4	1137874.3	1137874.3	751546.5	879789.8	1375811.6	1017082.6	1017082.6	1530147	1530147	576631.7	668324.08	660305.92	583055.24	596494.85	811487.32	811487.32	784395.67	800225.61	800225.61	1405033.3	1381504.1	1481588.1	1305264.7	1039567.8	0	0	368873.8	875835.6	1514048.2	1789777.2	1808506.9	2018092.33	1127953.2	786587.75	797089.69	674865.4	351746.12	354590.69	428338.71	428338.71	386403.96	1.70E+05	1.70E+05	1.70E+05	1.70E+05	1.70E+05	830827.806	830827.806	830827.806	830827.806	828352.0766	829150.3236	828352.0766	830827.806	421830.45	431169.772	335946.21	319570.357	429582.078	399584.63	313905.394	570726.88	830827.806	830827.806	830827.806	327047.1	1912346	1997686	1997686	2063283.25909692.78	836785.82	842296.57	893829.53	762777.6	1501634.2	1351839	1351839	1037432.3	1178581.7	1664761.2	1026652.7	1026652.7	1719283.3	1719283.3	669226.8	680477.23	668193.58	608019.36	614436.77	793516.84	793516.84	768999.94	769792.14	769792.14	1090834	1413937.1	1528206	1066447.7	1262725.3	368873.8	368873.8	0	779542.4	1360156.7	1618009.2	1616858.5	1936126	1452318.1	1154525.33	1165580.6	1035245.8	425837.67	382177.9	459777.08	459777.08	444900.07	2.58E+05	2.58E+05	2.58E+05	2.58E+05	2.58E+05	1185800.851	1185800.851	1185800.851	1185800.851	1183054.52	1183853.974	1183054.52	1185800.851	579994.09	597632.767	553945.61	567358.084	595693.756	529879.28	565872.646	926592.53	1185800.851	1185800.851	1185800.851	362555.52	1876006.5	1821022.3	1821022.3	1967303.451452079.6	1412845.89	1409972.77	1367610.24	984522.4	2183298.1	2013611.1	2013611.1	1612495.3	1727535.6	2218974.7	1800226	1800226	2405658.9	2405658.9	423567.8	271343.44	269637.58	333639.42	318238.94	176530.57	176530.57	184932.59	152072.58	152072.58	1655942	2185699.9	2296951.8	1759111.1	1914969.5	875835.6	875835.6	779542.4	0	643023.2	922695.7	953857.9	1162163.23	1934788.4	1454268.62	1450459.6	1420771	1152512.51	1123765.35	1208503.25	1208503.25	1180993.24	9.24E+05	9.24E+05	9.24E+05	9.24E+05	9.24E+05	1582111.097	1582111.097	1582111.097	1582111.097	1580902.167	1581618.243	1580902.167	1582111.097	559816.4	568390.681	658357.12	702877.209	568284.495	537123.57	709611.223	1348761.47	1582111.097	1582111.097	1582111.097	1097692.55	1097402.4	1130471.1	1130471.1	1199281.382095081.66	2054876.99	2052331.69	2009539.19	1613156.4	2818027.1	2651142	2651142	2255239.4	2370465.2	2861230.3	2383441.3	2383441.3	3040123.5	3040123.5	1042354.7	896545.75	898615.2	970386.58	954937.28	760365.92	760365.92	783261.39	755632.84	755632.84	1990193.8	2770908.3	2886733.7	2190367	2553405	1514048.2	1514048.2	1360156.7	643023.2	0	281042	330304.8	642191.24	2572978.8	2074577.95	2068095.8	2054897.8	1765941.93	1731008.73	1813584.22	1813584.22	1791416.38	1.54E+06	1.54E+06	1.54E+06	1.54E+06	1.54E+06	2214473.31	2214473.31	2214473.31	2214473.31	2213488.123	2214180.478	2213488.123	2214473.31	1194078.16	1200245.548	1296162.86	1340180.938	1200418.817	1176839.31	1347183.612	1987750.18	2214473.31	2214473.31	2214473.31	1707014.95	708174.6	487928.5	487928.5	645451.452374177.97	2332559.48	2330349.49	2289976.13	1893930	3090365	2925268.5	2925268.5	2533703.6	2650151.5	3141549.5	2634036.2	2634036.2	3312136.9	3312136.9	1323062.3	1177578.08	1179654.54	1251282.99	1235826.33	1040890.01	1040890.01	1064021.69	1036589.94	1036589.94	2154269.8	3020687.9	3138042.8	2386254.6	2828166.6	1789777.2	1789777.2	1618009.2	922695.7	281042	0	104784.3	544020.79	2854004.7	2354248.22	2347413.11	2335886.6	2031012.5	1994025.39	2075371.56	2075371.56	2055261.6	1.81E+06	1.81E+06	1.81E+06	1.81E+06	1.81E+06	2495348.944	2495348.944	2495348.944	2495348.944	2494378.532	2495069.267	2494378.532	2495348.944	1475116.96	1481276.478	1577118.32	1621169.019	1481453.086	1457601.06	1628160.679	2268711.38	2495348.944	2495348.944	2495348.944	1970901.51	706024.1	208054.7	208054.7	510185.982399140.01	2354032.82	2352588.34	2319968.93	1934357.2	3101621.9	2939405.7	2939405.7	2556762.3	2676663.7	3170205.6	2623925.3	2623925.3	3322713.9	3322713.9	1364822.5	1216329.02	1217340.47	1286358.58	1270886.23	1084372.49	1084372.49	1106148.12	1077181.74	1077181.74	2100027.5	3009294.9	3127690.4	2344677.5	2843448.6	1808506.9	1808506.9	1616858.5	953857.9	330304.8	104784.3	0	639819.3	2888644.6	2399177.1	2393402.29	2373700.9	2035227.64	1996256.28	2076179.58	2076179.58	2058151.1	1.82E+06	1.82E+06	1.82E+06	1.82E+06	1.82E+06	2534404.225	2534404.225	2534404.225	2534404.225	2533291.879	2533998.096	2533291.879	2534404.225	1511951.37	1519284.204	1611965.37	1656390.657	1519333.458	1490972.95	1663198.782	2302603.63	2534404.225	2534404.225	2534404.225	1974067.43	809923.7	214416.8	214416.8	599352.572553300.26	2529613.13	2523818.91	2446637.65	2011243.9	3319257.2	3143648.1	3143648.1	2717948.7	2814706	3285500.5	2961086	2961086	3540863.3	3540863.3	1468799.5	1351991.03	1359073.48	1436614.87	1422616.96	1207352.33	1207352.33	1234358.57	1217878.42	1217878.42	2632383.7	3347249.9	3458994.2	2826404.9	3043004.9	2018092.3	2018092.3	1936126	1162163.2	642191.2	544020.8	639819.3	0	2972433.2	2429565.07	2416962.36	2450683.8	2313480.77	2285760.07	2370577.3	2370577.3	2342506.91	2.08E+06	2.08E+06	2.08E+06	2.08E+06	2.08E+06	2598867.294	2598867.294	2598867.294	2598867.294	2598688.947	2599277.277	2598688.947	2598867.294	1634369.05	1634172.101	1739808.19	1779395.159	1634983.983	1635201.25	1786910.487	2406165.91	2598867.294	2598867.294	2598867.294	2259511.01	252935.5	529378	529378	85891.48543237.63	622274.28	614052.18	578361.34	966950.4	695075.8	567428.7	567428.7	444232.9	300775.4	333411.3	1172428.3	1172428.3	828692.1	828692.1	1534368.7	1676723.27	1674390.44	1603079.02	1618553.65	1816198.99	1816198.99	1791940.76	1818188.44	1818188.44	2194163.6	1265417.7	1278591.2	1918690.7	526285.8	1127953.2	1127953.2	1452318.1	1934788.4	2572978.8	2854004.7	2888644.6	2972433.23	0	563411.94	582804.54	523038.5	1090611.81	1143871.28	1115033.71	1115033.71	1094704.7	1.19E+06	1.19E+06	1.19E+06	1.19E+06	1.19E+06	375344.348	375344.348	375344.348	375344.348	375157.5118	374622.2975	375157.5118	375344.348	1378939.43	1373220.844	1277144.37	1232940.84	1372975.651	1397696.89	1226004.42	586085.04	375344.348	375344.348	375344.348	1145958.73	2807758.3	3060425.1	3060425.1	3033939.65470751.74	545905.62	528735.58	356721.56	473051.8	1136120.8	963332	963332	555991.3	540861.7	895249.1	1325454.1	1325454.1	1319973.1	1319973.1	1034807.6	1185107.28	1185364.3	1121988.87	1137161.19	1314899.37	1314899.37	1293053.26	1322354.14	1322354.14	2110972.8	1556401.6	1608618.3	1920126.8	876804.5	786587.7	786587.7	1154525.3	1454268.6	2074578	2354248.2	2399177.1	2429565.07	563411.9	0	26795.46	172258.9	928872.97	972851.82	987993.67	987993.67	950206.39	9.17E+05	9.17E+05	9.17E+05	9.17E+05	9.17E+05	200988.005	200988.005	200988.005	200988.005	202800.9276	203009.8609	202800.9276	200988.005	897106.71	886882.245	807442.64	763422.094	887140.645	929026.31	757791.695	274684.2	200988.005	200988.005	200988.005	960602.25	2255205	2557119.8	2557119.8	2494524.26496289.45	570538.53	553351.36	380256.78	472359.8	1161902.1	989480.3	989480.3	582767.2	567002.1	915351.6	1351011.6	1351011.6	1344873.9	1344873.9	1029819.6	1180655.37	1181206.5	1118883.86	1133979.35	1309031.41	1309031.41	1287514.89	1317114.81	1317114.81	2129436.9	1583092.3	1635409	1941562.9	903243.9	797089.7	797089.7	1165580.6	1450459.6	2068095.8	2347413.1	2393402.3	2416962.36	582804.5	26795.46	0	197171.6	947661.49	991016.67	1007762.29	1007762.29	969535.75	9.31E+05	9.31E+05	9.31E+05	9.31E+05	9.31E+05	225022.951	225022.951	225022.951	225022.951	227010.7188	227177.887	227010.7188	225022.951	894728.27	884026.813	806872.56	763138.033	884343.169	927953.27	757687.937	296706.72	225022.951	225022.951	225022.951	978239.8	2240754.6	2549773.9	2549773.9	2482476.51299557.78	373657.5	356492.77	186511.97	444315.1	1008433.4	830085.3	830085.3	399876.9	414491.2	837454.6	1154117	1154117	1204436.7	1204436.7	1013759.3	1158450.29	1156799.64	1087464.68	1102925.88	1296038.45	1296038.45	1272254.34	1299303.46	1299303.46	1954169.7	1393654.7	1450429.4	1753394.3	737670.9	674865.4	674865.4	1035245.8	1420771	2054897.8	2335886.6	2373700.9	2450683.83	523038.5	172258.92	197171.57	0	773036.59	819496.68	827942.22	827942.22	792031.46	7.87E+05	7.87E+05	7.87E+05	7.87E+05	7.87E+05	162945.499	162945.499	162945.499	162945.499	161310.2182	162062.6317	161310.2182	162945.499	861760.42	854818.552	762682.33	718060.93	854698.758	884706.02	711451.154	113802.93	162945.499	162945.499	162945.499	809653.25	2290318.4	2541548.7	2541548.7	2511489.5558151.73	471654.87	482493.55	595434.77	697732.7	1075801.1	927501.6	927501.6	652369.4	798279.9	1265246.4	671510	671510	1293744.4	1293744.4	914673.5	985332.43	975488	901148.02	912704.14	1121664.3	1121664.3	1094844.63	1105138.99	1105138.99	1182200.5	1045936.8	1151910.4	1012647.5	840527.8	351746.1	351746.1	425837.7	1152512.5	1765941.9	2031012.5	2035227.6	2313480.77	1090611.8	928872.97	947661.49	773036.6	0	53399.16	78309.91	78309.91	34698.71	2.31E+05	2.31E+05	2.31E+05	2.31E+05	2.31E+05	894215.756	894215.756	894215.756	894215.756	890842.8493	891596.8571	890842.8493	894215.756	768324.97	779226.528	687268.26	671046.465	777546.319	739441.12	665215.749	659812.24	894215.756	894215.756	894215.756	63786.82	2227372.2	2236143.1	2236143.1	2351792.59610453.03	524411.72	535010.23	643977.7	721710.7	1120790.7	975286.6	975286.6	705764.8	851678.9	1317909.3	686846.3	686846.3	1337571.8	1337571.8	903281.7	966481.28	956205.33	883166.97	894127.78	1100262.35	1100262.35	1073645.56	1082523.56	1082523.56	1138507.6	1066556.3	1175053.1	981008.6	889628.9	354590.7	354590.7	382177.9	1123765.4	1731008.7	1994025.4	1996256.3	2285760.07	1143871.3	972851.82	991016.67	819496.7	53399.16	0	85114.95	85114.95	62846.96	2.14E+05	2.14E+05	2.14E+05	2.14E+05	2.14E+05	943613.661	943613.661	943613.661	943613.661	940276.4938	941036.2308	940276.4938	943613.661	762155.88	774106.698	686307.85	673410.882	772363.7	730036.97	667979.361	705931.7	943613.661	943613.661	943613.661	28587.29	2204734.9	2198481.2	2198481.2	2322533.21594524.53	505487.33	518111.13	646265.26	774305.4	1049814.9	910052.6	910052.6	672089.5	817985.9	1270743.5	602459.2	602459.2	1264534.1	1264534.1	985680.5	1051071.02	1040869.31	967565.76	978649.96	1185231.73	1185231.73	1158591.65	1167587.75	1167587.75	1126818.2	981487.9	1089952.1	942594.8	827989.5	428338.7	428338.7	459777.1	1208503.3	1813584.2	2075371.6	2076179.6	2370577.3	1115033.7	987993.67	1007762.29	827942.2	78309.91	85114.95	0	0	44616.95	2.97E+05	2.97E+05	2.97E+05	2.97E+05	2.97E+05	941264.327	941264.327	941264.327	941264.327	937791.2241	938525.0705	937791.2241	941264.327	842072.34	853462.873	763097.18	747889.22	851753.57	811511.54	742160.259	715888.93	941264.327	941264.327	941264.327	112612.33	2289826.5	2279336.9	2279336.9	2407060.83594524.53	505487.33	518111.13	646265.26	774305.4	1049814.9	910052.6	910052.6	672089.5	817985.9	1270743.5	602459.2	602459.2	1264534.1	1264534.1	985680.5	1051071.02	1040869.31	967565.76	978649.96	1185231.73	1185231.73	1158591.65	1167587.75	1167587.75	1126818.2	981487.9	1089952.1	942594.8	827989.5	428338.7	428338.7	459777.1	1208503.3	1813584.2	2075371.6	2076179.6	2370577.3	1115033.7	987993.67	1007762.29	827942.2	78309.91	85114.95	0	0	44616.95	2.97E+05	2.97E+05	2.97E+05	2.97E+05	2.97E+05	941264.327	941264.327	941264.327	941264.327	937791.2241	938525.0705	937791.2241	941264.327	842072.34	853462.873	763097.18	747889.22	851753.57	811511.54	742160.259	715888.93	941264.327	941264.327	941264.327	112612.33	2289826.5	2279336.9	2279336.9	2407060.83567434.28	479495.04	491242.8	612126.93	729773	1057970.9	913043.5	913043.5	653846.8	799946.7	1260827.3	638255.6	638255.6	1274729.7	1274729.7	948142.7	1017186.58	1007222.34	933207.1	944611.32	1152818.95	1152818.95	1126055.19	1135908.53	1135908.53	1162148.4	1014090.8	1120863.7	984754.6	828030.3	386404	386404	444900.1	1180993.2	1791416.4	2055261.6	2058151.1	2342506.91	1094704.7	950206.39	969535.75	792031.5	34698.71	62846.96	44616.95	44616.95	0	2.63E+05	2.63E+05	2.63E+05	2.63E+05	2.63E+05	909199.962	909199.962	909199.962	909199.962	905774.0924	906518.2918	905774.0924	909199.962	802494.47	813508.361	721847.04	705735.82	811821.591	773180.65	699909.883	679355.29	909199.962	909199.962	909199.962	84413.35	2258255.6	2259964.1	2259964.1	2380163.99651522.02	580090.56	584978.97	638079.74	577801.7	1279337.9	1120344.2	1120344.2	782506.1	922115.9	1411241.2	899665.7	899665.7	1500225.6	1500225.6	689605.9	754542.9	744553.75	670679.55	681991.64	890364.01	890364.01	863558.03	873848.03	873848.03	1238748.9	1276762.2	1383199.1	1136138.4	1027103.9	169808.4	169808.4	258385.5	924119.7	1544847.5	1813592.2	1822499	2083706.92	1193955.1	917413.49	930903.42	787279.2	231318.69	213816.24	297280.05	297280.05	262671.68	0.00E+00	1.49E+01	2.98E+01	4.46E+01	5.95E+01	933400.428	933400.428	933400.428	933400.428	930525.7525	931322.577	930525.7525	933400.428	551107.88	563869.054	481216.47	473533.96	562078.707	517109.68	468867.264	676242.5	933400.428	933400.428	933400.428	185352.74	1996054.5	2019964.9	2019964.9	2123103.56651507.16	580075.81	584964.17	638065.1	577792.8	1279325.4	1120331.1	1120331.1	782491.4	922101.1	1411226.6	899659.8	899659.8	1500213.3	1500213.3	689610	754549.59	744560.59	670685.95	681998.26	890371.54	890371.54	863565.49	873855.95	873855.95	1238758.3	1276755.3	1383191.6	1136143.9	1027090.6	169801.6	169801.6	258400.4	924129.5	1544858.8	1813603.9	1822511.2	2083716.11	1193940.2	917400.22	930890.32	787265.1	231310.99	213811.6	297274.49	297274.49	262664.76	1.49E+01	0.00E+00	1.49E+01	2.98E+01	4.46E+01	933386.018	933386.018	933386.018	933386.018	930511.3333	931308.1575	930511.3333	933386.018	551109.77	563870.569	481216.07	473532.192	562080.242	517112.76	468865.31	676228.29	933386.018	933386.018	933386.018	185347.91	1996062.3	2019976.8	2019976.8	2123113.18651492.29	580061.06	584949.37	638050.45	577783.9	1279312.9	1120318.1	1120318.1	782476.8	922086.4	1411212.1	899654	899654	1500201	1500201	689614	754556.29	744567.44	670692.36	682004.87	890379.06	890379.06	863572.96	873863.88	873863.88	1238767.8	1276748.4	1383184	1136149.4	1027077.3	169794.9	169794.9	258415.3	924139.4	1544870.1	1813615.7	1822523.5	2083725.31	1193925.4	917386.95	930877.22	787251.1	231303.29	213806.97	297268.93	297268.93	262657.84	2.98E+01	1.49E+01	0.00E+00	1.49E+01	2.98E+01	933371.608	933371.608	933371.608	933371.608	930496.9141	931293.738	930496.9141	933371.608	551111.66	563872.085	481215.67	473530.424	562081.777	517115.84	468863.357	676214.08	933371.608	933371.608	933371.608	185343.09	1996070	2019988.7	2019988.7	2123122.79651477.43	580046.31	584934.57	638035.81	577774.9	1279300.4	1120305	1120305	782462.2	922071.6	1411197.5	899648.2	899648.2	1500188.7	1500188.7	689618.1	754562.99	744574.29	670698.76	682011.48	890386.58	890386.58	863580.42	873871.8	873871.8	1238777.3	1276741.4	1383176.5	1136154.8	1027063.9	169788.1	169788.1	258430.1	924149.2	1544881.4	1813627.5	1822535.8	2083734.5	1193910.5	917373.67	930864.12	787237	231295.58	213802.33	297263.37	297263.37	262650.91	4.46E+01	2.98E+01	1.49E+01	0.00E+00	1.49E+01	933357.198	933357.198	933357.198	933357.198	930482.4949	931279.3185	930482.4949	933357.198	551113.55	563873.601	481215.27	473528.656	562083.313	517118.92	468861.404	676199.88	933357.198	933357.198	933357.198	185338.27	1996077.8	2020000.6	2020000.6	2123132.41651462.56	580031.55	584919.77	638021.17	577766	1279287.9	1120292	1120292	782447.5	922056.9	1411182.9	899642.4	899642.4	1500176.3	1500176.3	689622.1	754569.69	744581.14	670705.16	682018.1	890394.11	890394.11	863587.88	873879.73	873879.73	1238786.7	1276734.5	1383169	1136160.3	1027050.6	169781.4	169781.4	258445	924159	1544892.7	1813639.3	1822548.1	2083743.69	1193895.6	917360.4	930851.03	787223	231287.88	213797.7	297257.81	297257.81	262643.99	5.95E+01	4.46E+01	2.98E+01	1.49E+01	0.00E+00	933342.788	933342.788	933342.788	933342.788	930468.0757	931264.8991	930468.0757	933342.788	551115.44	563875.117	481214.87	473526.889	562084.849	517122	468859.452	676185.67	933342.788	933342.788	933342.788	185333.45	1996085.5	2020012.5	2020012.5	2123142.03361227.04	449490.58	433830.25	300763.08	601655.8	940340.3	771034.6	771034.6	395195.6	350418	701986.2	1193184.7	1193184.7	1120276.3	1120276.3	1172448.3	1318465.5	1317131.73	1248590.96	1264033.83	1454789.13	1454789.13	1431359.4	1458873.75	1458873.75	2066275	1392036.5	1436015.4	1843861.8	688979.5	830827.8	830827.8	1185800.9	1582111.1	2214473.3	2495348.9	2534404.2	2598867.29	375344.3	200988.01	225022.95	162945.5	894215.76	943613.66	941264.33	941264.33